76,0,0
147,2,0
2184,0,0
3894,0,1
2084,2,1
1039,6,2
4280,0,4
3094,7,5
1217,2,5
3795,2,6
994,3,6
3733,1,6
217,2,7
1126,0,9
2727,5,10
1032,0,11
3567,3,13
1697,7,13
2078,1,13
4158,6,13
2486,2,14
4236,7,16
3844,1,16
3083,0,16
2324,0,18
4016,6,18
2748,0,24
646,1,27
250,3,27
1262,4,27
1525,7,31
2774,0,31
3906,7,31
1483,0,32
3392,0,36
4931,0,36
2554,2,36
693,3,36
2867,0,38
132,2,39
288,6,43
1820,6,43
3568,5,44
4678,5,44
3290,7,46
1759,0,46
3983,2,49
4905,0,50
3432,0,50
2211,7,50
338,1,51
4679,3,51
3900,2,52
4778,7,53
2887,7,53
1825,2,55
2819,2,57
669,3,57
1641,0,60
3333,5,60
10,7,61
362,2,61
389,3,62
3910,5,64
2736,5,64
1950,0,65
2540,6,65
1490,4,65
2455,7,65
1007,1,66
1226,0,66
1554,7,67
397,4,67
1120,0,68
3709,5,68
4132,5,68
4204,7,69
334,1,70
758,5,70
301,6,73
207,1,74
4736,3,74
90,7,76
4535,7,76
4011,6,77
798,3,77
1974,0,78
1464,7,79
2910,2,81
3011,6,81
2440,2,81
783,7,81
4443,2,85
863,5,85
4468,0,88
1437,0,89
2558,5,89
43,3,90
2307,6,90
2661,4,91
1457,7,92
2297,5,92
2416,2,95
2971,1,95
4394,0,95
4409,6,98
1267,5,98
3597,0,101
1474,1,101
3895,2,102
3522,3,103
3055,2,103
477,4,103
315,4,106
2842,5,106
3679,7,109
4745,0,109
2941,6,109
3116,5,109
4391,5,109
661,3,110
998,3,110
456,0,111
1595,0,111
1750,2,113
4925,1,115
2996,2,115
4080,4,115
3167,7,116
3096,4,116
873,6,117
3879,5,117
4114,4,117
2478,3,118
3558,6,118
2104,0,118
785,0,118
3401,0,119
1338,7,121
3930,3,122
3350,0,123
4721,6,123
1271,0,124
4884,2,125
703,0,125
2829,5,127
663,5,129
281,2,129
1982,2,131
4178,1,131
1143,7,131
1810,7,132
1317,6,134
3772,0,134
71,1,137
1943,5,137
2417,6,137
4378,6,138
3147,3,138
4083,2,139
2217,0,139
368,6,140
3213,4,140
903,0,142
2968,7,142
4532,0,144
4586,1,145
4502,6,147
153,0,151
159,5,152
4579,3,154
1463,0,156
3740,3,156
461,3,156
3192,6,157
1651,0,157
937,5,159
478,0,159
26,3,160
294,1,163
4591,2,163
2146,0,163
545,6,163
2390,2,163
2893,1,163
4637,3,166
3304,2,168
2702,6,168
1580,0,168
4518,4,169
100,7,171
3169,1,175
2624,7,175
2487,0,177
4887,7,178
4773,3,178
1709,5,179
4934,2,179
4869,5,179
1717,2,181
124,7,181
1602,0,182
2844,6,182
3748,0,182
1560,7,183
2615,6,183
287,0,183
1314,5,185
2164,0,186
3613,0,188
2872,2,188
2726,0,188
3784,0,188
3017,7,188
2740,4,189
2697,7,189
4028,3,189
1747,7,190
3268,1,190
2768,5,191
4276,6,191
850,0,192
1555,3,192
2314,1,192
73,0,193
2796,7,195
1216,3,198
4030,6,198
2782,1,199
583,1,199
643,1,200
4259,4,200
1150,1,204
2121,0,204
1085,7,204
3174,0,205
1426,5,205
4603,0,205
1801,7,207
367,2,209
365,0,209
1156,6,209
3658,1,209
1669,2,209
1184,6,209
494,6,210
1842,2,211
4538,2,211
1323,1,211
797,5,211
4398,0,213
1416,2,214
246,0,214
4879,3,216
1024,6,218
4464,2,218
1046,6,219
4463,4,221
2330,7,221
2159,1,224
880,4,224
2811,7,224
4555,1,228
2035,7,229
2026,2,230
3490,2,233
728,7,233
3586,1,233
4096,0,233
3014,3,233
2176,1,234
3345,5,235
2642,0,235
1289,6,235
2637,0,237
3979,5,238
2288,0,239
2879,1,239
426,2,240
1260,7,241
1348,0,241
619,0,241
3564,0,242
423,3,246
2061,2,247
668,3,247
4024,6,248
169,1,248
3381,6,250
49,5,250
337,0,251
4797,1,253
2995,1,254
4916,0,254
2398,5,257
4933,4,257
2992,3,257
3916,0,258
4439,6,259
2409,5,262
114,2,262
1888,0,264
802,4,264
1789,7,264
3848,5,264
3862,6,265
1802,7,266
1374,6,266
310,2,267
3155,5,268
1475,0,269
2785,3,269
4765,4,270
339,7,273
3308,5,275
1544,1,275
3156,3,275
1227,0,275
1391,5,275
3868,2,276
1354,7,278
1766,1,278
4810,6,278
3830,3,278
2728,6,279
489,5,283
1879,0,284
2466,1,285
1064,1,285
230,0,290
4906,6,290
2404,1,290
405,6,292
2233,1,292
810,5,292
1169,1,293
435,3,294
3457,3,294
3531,6,296
2535,4,296
2130,5,300
749,2,302
892,1,302
2027,4,302
2352,0,303
417,6,303
3814,6,303
47,2,305
1729,1,305
3161,7,305
2467,3,305
2206,5,305
2849,0,306
782,0,306
3473,3,306
4973,4,306
954,7,306
2157,0,308
808,7,313
927,0,313
3039,1,313
1292,0,315
3747,2,315
4142,1,316
3970,6,316
171,0,317
4349,1,319
3752,2,321
1238,0,321
293,6,321
1542,7,323
3627,6,324
3053,0,324
1965,1,325
61,1,325
2652,1,327
182,3,327
3815,0,327
2911,7,328
3236,0,328
1732,0,328
931,0,328
2894,0,329
4873,0,329
1108,0,329
16,5,330
3289,7,330
4981,3,331
3067,0,331
67,0,332
1741,3,332
4631,2,335
1487,2,335
4500,0,335
1925,0,337
1276,5,337
4821,2,337
448,0,338
4903,0,338
511,0,338
1407,1,339
4798,7,339
3431,0,339
3948,0,339
4340,7,340
3293,0,340
2294,5,341
3303,0,341
1101,0,341
3104,4,342
495,0,342
3937,2,345
462,6,345
264,1,346
3396,0,346
2141,0,348
4959,6,348
805,6,349
113,3,349
2453,0,349
3730,5,351
3478,3,351
1102,6,353
3765,5,353
2917,4,355
3259,6,356
291,4,356
2271,0,358
1035,0,358
1905,0,358
2621,7,359
2676,1,359
2567,0,361
2953,7,361
2792,1,361
4592,3,363
1158,1,363
986,6,364
922,6,365
3829,0,365
4724,0,365
2907,0,366
1990,0,366
1061,0,366
450,5,367
1189,6,367
4650,7,368
4955,2,369
3351,7,369
402,4,369
2371,3,369
1387,1,371
2948,6,372
358,0,372
4978,0,372
2337,7,373
2809,0,373
2296,0,373
3428,0,373
2945,3,374
1197,6,374
2267,2,375
2147,2,375
2024,1,376
4455,1,376
1411,1,376
4953,1,377
2807,0,377
1001,0,378
1748,1,379
3146,1,379
4815,2,380
105,0,380
3363,0,380
3462,1,381
4808,7,381
4411,0,381
4067,0,382
623,0,382
2332,0,383
3280,0,383
3915,0,384
644,2,385
3202,0,385
2017,5,386
1261,3,387
3249,2,387
2529,6,388
554,6,388
2181,6,390
2349,2,392
3299,6,392
4982,6,393
4131,6,393
987,0,393
552,3,394
1250,6,394
3136,1,396
3450,0,396
455,0,398
3034,6,398
4676,4,398
1145,7,399
889,0,399
1598,7,400
2915,0,400
3565,0,400
1152,0,401
3343,0,401
1675,2,402
3190,6,402
4427,2,402
1876,0,403
2841,6,403
3379,0,403
4753,6,404
2641,1,404
1719,6,405
2638,7,406
4110,0,406
1419,0,406
1404,0,406
3165,2,409
1127,3,409
1246,2,410
704,2,411
2617,4,411
1634,1,412
2878,0,414
3566,0,414
1973,2,417
3349,3,417
786,0,417
2760,1,419
3804,0,419
688,0,420
37,3,420
4209,0,420
600,5,422
404,3,423
1160,0,423
302,2,424
149,6,424
1298,7,425
3109,1,425
1484,0,426
118,7,426
2400,6,427
3302,0,427
1364,0,427
2803,0,427
4735,3,428
3183,0,428
1357,0,428
4108,1,429
2901,6,430
3188,3,430
3614,0,430
2128,0,430
4799,2,431
235,0,431
859,0,431
1435,0,431
2985,3,432
1852,0,432
2469,4,432
125,2,435
3070,1,435
1418,0,437
2056,6,438
2830,3,439
2793,0,439
1575,6,440
1663,3,440
3708,0,440
2001,0,440
4693,2,441
2575,0,442
4194,4,442
3058,2,444
1372,0,445
3866,7,445
3133,6,445
4225,1,445
2979,3,447
2229,0,447
2797,0,448
3114,3,449
3082,3,449
527,0,449
4244,0,449
1161,7,450
17,6,450
4297,2,453
2178,6,453
1438,2,453
3402,0,453
3825,0,453
4295,0,453
1021,3,454
1779,6,455
163,0,455
820,5,456
1497,0,456
2003,0,456
4812,7,457
3319,1,458
4355,0,458
2362,0,460
3728,6,461
3117,0,461
4891,0,461
1434,6,462
1337,7,462
1187,6,463
3631,0,464
1355,1,464
1443,0,465
4475,6,467
1476,3,467
553,0,468
3398,3,468
3388,0,468
4316,4,469
4590,0,469
1714,0,469
3089,0,469
3245,7,470
1657,6,471
3018,0,471
201,2,472
3685,0,472
532,5,473
500,5,473
4771,0,473
1072,3,474
1552,2,475
3200,0,475
2686,0,475
855,1,477
1377,7,477
4489,1,478
2607,0,478
3850,2,479
3232,0,479
1591,0,480
3044,0,480
38,0,480
3463,3,481
3768,3,481
905,0,484
2454,0,484
1125,0,484
4675,4,485
1615,0,485
1944,0,485
439,7,486
4610,0,486
4865,7,488
4153,7,488
2091,3,490
1551,0,490
2606,7,491
2579,6,492
3341,0,492
569,5,493
2270,1,493
2646,5,493
2675,0,494
366,3,495
1884,0,495
1769,1,496
3346,1,496
3008,6,497
4494,6,497
2494,6,499
3754,1,500
1359,0,500
726,0,500
4649,6,501
3560,3,501
4644,0,503
1609,6,503
4354,2,503
4749,7,505
1400,1,506
4588,0,506
3846,0,506
3841,2,507
518,1,507
168,2,508
4619,3,509
2304,6,510
1258,5,511
445,0,512
4444,3,512
1243,0,512
44,7,513
4993,2,513
4423,0,514
3475,3,514
4840,0,514
1088,6,518
1828,0,518
3996,0,518
4928,0,519
2683,5,519
4575,0,519
2067,1,520
4437,4,520
3817,5,520
3460,1,522
879,0,522
1829,0,522
1202,4,524
3279,0,524
3881,0,524
1247,0,524
715,7,527
2322,6,529
2086,1,530
3831,2,531
2158,0,531
40,0,531
3238,3,532
2358,6,532
4022,7,533
1613,2,534
138,6,534
1077,2,536
3005,2,536
793,0,536
1450,5,538
1695,0,538
1027,0,540
2965,0,540
3122,0,540
3961,0,540
4685,7,541
4713,7,541
3607,6,541
2931,6,542
3255,3,543
2464,4,543
1526,3,545
3538,2,545
319,1,545
335,3,547
4632,0,548
4738,0,548
2951,0,548
2882,0,548
4814,6,549
1647,7,550
3395,0,550
4848,7,551
632,0,552
438,0,552
3125,7,553
2934,0,556
3033,0,556
1871,7,557
2321,0,558
3427,0,558
2281,1,559
2543,1,560
4160,3,561
3292,3,561
3103,0,561
313,2,562
3683,7,562
3575,2,563
4627,0,563
3243,6,564
2592,1,564
1342,0,564
2422,1,566
1218,5,566
4484,0,567
2262,2,567
1090,0,568
97,7,568
4128,4,568
3209,0,572
3849,0,573
2424,6,575
3270,1,575
2889,2,575
1620,0,575
2555,0,575
2482,0,575
1186,6,576
3664,0,576
4754,0,576
1153,6,577
766,7,577
1783,1,578
4250,3,578
1368,6,579
4410,1,579
4371,2,580
2113,1,580
2692,0,580
3340,0,584
4859,5,584
1263,0,584
3353,2,585
2550,0,585
4298,0,585
2639,7,587
4829,6,588
605,0,588
3642,0,588
441,6,589
3541,2,591
2426,0,591
3778,2,592
4553,0,592
920,0,592
4404,4,593
1401,0,593
2571,3,593
15,0,593
2248,2,595
799,3,595
2625,3,596
1215,0,597
2666,2,598
3731,6,598
357,6,599
1099,3,600
2168,0,600
3324,1,601
1711,0,601
1545,1,602
4172,0,602
2117,7,603
4256,0,603
3528,0,603
4605,1,604
422,0,604
2452,0,604
705,0,605
4602,0,605
3931,2,606
841,2,606
4287,7,610
4668,0,610
2111,0,610
640,1,611
4737,1,611
3404,0,613
1891,7,613
2725,0,613
2256,5,613
732,6,616
4556,5,617
4238,2,619
4548,0,620
3180,0,621
1915,0,621
258,6,623
4183,0,623
2814,0,624
1804,0,625
359,0,625
4258,0,625
1768,1,626
1752,0,626
1294,2,626
375,3,626
607,1,629
3957,0,629
3361,0,630
3433,4,630
1916,4,630
2456,4,632
2232,5,632
2092,7,634
1173,0,634
932,5,635
2172,0,635
4332,1,637
1269,4,637
641,0,638
3677,6,639
4284,0,639
111,0,639
3913,0,640
3045,6,640
3512,0,640
4399,3,640
3839,4,640
196,3,642
4264,0,644
1272,0,644
386,2,646
4896,7,646
2300,2,647
2711,0,648
3942,0,649
519,2,649
4197,3,649
714,3,651
536,1,651
3477,0,651
4074,7,652
437,0,652
499,0,652
1956,0,653
3323,0,653
1823,0,653
380,7,654
3099,0,654
946,0,654
772,7,657
2334,0,657
3514,0,657
549,4,658
1960,1,659
1708,3,660
3693,0,660
2920,6,662
828,0,662
3257,0,662
1122,0,662
4699,2,664
4288,0,664
1460,7,665
3537,0,665
1898,0,665
3576,1,666
1285,0,666
3670,0,666
4249,0,666
174,3,667
3529,1,667
3400,6,667
2857,0,667
2810,0,668
637,1,668
3298,3,668
2016,5,669
3101,5,669
1017,2,670
232,0,670
1539,3,670
944,0,670
3518,5,672
3823,6,672
3004,5,675
3798,0,676
1004,0,678
1176,0,678
4164,0,678
1239,0,678
2201,4,680
2336,3,680
2832,0,680
2279,0,680
4456,7,681
2445,0,681
4275,0,681
2902,2,682
3313,5,682
1832,0,682
1866,0,682
2215,3,683
2407,0,683
686,0,686
3470,0,686
3988,2,687
719,2,687
538,0,688
3497,7,688
449,0,688
794,5,689
4146,1,689
3129,0,689
4017,0,691
4402,5,691
1410,0,691
2202,2,693
4890,6,693
2301,3,693
498,7,694
2999,0,694
4388,5,697
574,1,697
4300,1,698
36,5,699
385,0,699
347,3,701
514,4,702
2501,3,702
4863,7,704
2580,0,704
4346,6,705
3177,0,706
1191,0,706
1075,2,707
3429,6,708
4673,7,708
2904,4,708
2836,3,708
3334,2,711
1068,2,711
1056,1,712
3628,0,712
1210,0,713
2498,5,713
4918,0,713
1175,7,714
2034,6,714
2798,7,714
1665,0,714
1566,3,715
429,2,715
2179,5,718
3888,0,718
3523,0,718
4075,2,720
4265,7,720
1111,0,721
3489,0,721
2105,6,721
3572,0,723
924,1,723
4098,6,724
1516,6,724
1666,0,724
342,0,724
3639,2,725
3195,3,725
2957,7,727
351,0,727
592,2,728
3262,1,728
2861,3,728
3610,0,728
1370,6,728
851,2,728
4832,7,730
2019,6,730
1833,5,730
4471,3,732
2653,7,733
1726,0,733
3711,0,733
4224,0,733
1105,2,734
2629,2,734
1194,6,734
3081,6,736
4143,3,738
2522,0,738
3412,0,738
3926,0,738
3598,7,740
453,6,740
2275,6,740
586,2,740
4924,6,741
1051,4,741
2077,2,741
1376,1,741
548,1,743
1381,2,743
3495,2,745
4716,0,745
845,0,745
85,6,746
4156,0,747
4270,2,747
3763,5,749
4868,5,750
1022,0,750
3300,2,751
2763,0,751
4247,2,752
904,6,754
1947,3,754
4078,5,754
1737,2,756
625,0,756
3871,0,756
4079,1,757
2870,0,759
4985,6,759
751,0,759
3030,0,759
543,0,761
322,1,761
3434,7,762
3602,0,762
2930,0,762
3636,0,762
23,7,764
1181,7,764
316,2,764
2132,6,764
3386,6,764
1488,5,764
2825,5,769
4457,0,769
1299,7,770
3865,6,770
78,2,770
2935,6,770
3617,0,772
4338,5,773
4266,5,774
3720,3,775
1496,0,775
2860,0,775
3959,0,775
3476,3,776
1094,0,776
667,0,776
2428,0,776
2503,7,777
606,6,778
4717,0,778
4988,7,779
1237,7,779
1003,0,779
2552,0,779
3010,6,780
83,0,780
3273,3,782
3358,7,782
742,2,783
1954,6,783
170,0,783
254,3,784
1933,0,784
3992,0,784
1278,0,784
907,3,786
2988,4,786
1955,3,786
4655,3,786
4105,1,790
4694,0,790
1617,0,790
4517,2,791
2614,2,793
120,6,793
4181,0,794
3545,3,794
14,7,794
3205,3,794
278,0,794
4445,3,797
4600,0,797
446,0,799
748,0,800
4072,0,800
1154,6,801
503,0,801
1902,1,802
1629,2,802
3131,0,802
3978,3,802
4306,7,802
3762,0,802
4347,1,802
229,2,802
3160,5,806
631,0,806
454,6,807
3032,0,807
3411,6,807
2049,0,807
2905,3,809
1692,2,809
3543,0,809
760,3,810
1818,0,810
4596,2,812
4176,0,812
914,0,812
3331,0,812
556,0,813
3779,2,814
179,0,814
906,2,814
4747,2,815
2305,2,815
1963,1,815
84,0,815
4926,6,816
2074,2,817
51,0,817
4828,0,817
1506,0,818
1786,4,818
4910,6,819
2223,0,821
2470,7,821
4577,0,822
1869,2,823
2966,0,823
4227,2,824
3821,3,825
3288,0,825
1792,2,827
1107,0,827
1300,0,827
4189,0,828
4878,3,828
3124,6,828
1277,0,828
2713,0,828
678,0,829
2719,0,829
1922,7,829
1441,5,830
3953,7,831
3481,3,831
3935,7,832
4811,0,832
1537,0,832
1248,0,832
2576,0,832
4547,2,835
4036,0,836
4070,0,836
4408,0,836
1713,0,836
1784,3,837
262,6,838
2660,0,840
871,0,840
1817,0,840
913,3,843
2021,0,843
8,0,843
650,0,843
2381,3,844
4428,1,844
144,0,844
4604,6,845
317,0,845
3928,6,846
4243,7,846
2982,6,846
2150,0,847
4179,0,847
4112,7,848
1563,1,848
3187,0,849
2827,6,850
1628,0,850
186,2,851
4780,1,851
2401,6,851
710,2,851
192,2,852
2484,7,852
779,3,852
4662,2,852
2499,3,853
1009,0,854
3546,0,854
2588,0,854
1855,7,855
4672,0,855
2374,2,856
3503,0,856
3569,0,856
372,0,857
788,1,857
3990,0,857
4215,6,858
4979,4,859
4912,0,859
259,0,859
4407,6,860
4005,7,860
594,0,860
1087,6,862
2507,0,862
4061,0,862
3588,0,862
2645,0,862
2474,0,864
3729,0,864
838,0,865
1977,0,866
2053,0,866
3835,2,867
935,1,868
1572,0,868
1607,0,869
1325,2,870
3140,0,872
4313,2,872
1417,2,876
81,7,876
3337,0,878
4523,2,879
4636,1,879
1541,0,880
720,5,882
2536,0,884
3994,7,887
4337,3,887
1753,7,888
1957,1,888
3501,7,890
3665,1,891
2813,2,891
131,4,892
3710,1,894
2856,0,894
4544,6,897
1521,5,897
4071,3,900
1316,3,900
295,6,901
2605,0,902
1889,7,902
1689,0,902
3403,0,902
4329,0,902
877,0,903
3766,2,903
3073,0,903
3305,5,904
413,0,904
4527,6,904
2739,5,904
2500,2,907
3502,0,907
3945,6,907
2048,2,908
3967,0,908
3780,0,911
4008,2,912
3760,6,912
3791,0,912
2790,5,913
2219,0,913
2196,7,914
608,6,914
3903,0,915
3773,3,915
197,7,917
2914,2,919
4081,0,919
4954,4,920
3214,0,921
3559,0,921
3006,2,922
2120,1,922
613,2,922
562,3,923
2311,1,923
4004,3,926
472,0,926
3700,0,926
2526,0,926
868,1,927
3274,0,927
2064,0,927
1594,0,927
3154,0,928
1104,0,928
3250,0,929
470,7,930
2195,0,930
4763,0,931
4309,7,931
1579,1,932
4166,3,932
4057,6,933
3472,1,933
634,5,934
515,6,934
3644,6,936
1083,0,937
4205,4,937
3179,0,938
1758,7,938
4824,4,938
3012,1,940
2166,2,941
1703,2,942
2681,6,942
561,7,943
2822,0,943
2465,0,943
4186,2,945
2458,1,945
1660,2,945
3149,0,945
1340,2,946
4607,0,946
3874,0,946
3554,0,946
3066,0,947
2070,3,948
1200,7,949
3812,0,951
566,0,951
2080,0,951
2940,3,952
3645,7,955
960,3,955
3853,6,956
609,0,957
1310,7,959
3813,4,959
3771,0,959
1472,0,959
1350,1,960
4986,0,961
3542,2,962
4646,0,962
4086,0,962
1008,2,963
195,7,964
3275,0,964
1010,1,966
4420,4,966
1195,6,967
1582,6,968
3921,0,968
69,0,969
1610,7,969
916,3,969
1284,1,972
350,4,972
3482,0,972
1461,0,973
2075,2,974
3467,2,974
4317,5,975
3342,5,975
2162,2,976
2033,2,977
2312,2,977
4688,2,978
2170,2,978
3444,7,981
1473,0,981
923,0,983
151,0,984
3842,7,985
1362,0,985
2263,0,987
713,0,987
1863,5,988
2129,2,988
2169,4,988
4964,6,990
2628,0,990
2690,0,990
691,0,990
2406,0,990
2361,0,991
1082,0,991
3694,1,992
2225,2,992
401,7,993
727,4,993
4524,0,993
1899,3,994
4279,4,994
34,7,995
947,6,996
373,0,996
4567,0,996
1245,7,997
22,6,997
1988,3,997
4525,3,998
3605,2,998
2354,3,999
4701,0,999
4473,7,1000
2737,0,1000
3956,2,1001
3577,6,1002
2447,0,1002
652,0,1002
3127,2,1003
3464,0,1003
4606,6,1005
1110,1,1005
2712,7,1005
1985,3,1006
940,7,1006
723,7,1007
3824,0,1007
1536,0,1008
447,6,1008
2446,3,1009
4077,4,1009
4228,0,1010
4117,0,1010
4459,0,1010
3115,0,1010
4363,3,1012
2437,6,1012
1171,7,1012
4262,4,1012
4728,0,1012
4732,0,1013
2848,4,1013
3447,6,1014
1361,0,1014
4792,0,1014
664,2,1015
1827,0,1015
1427,0,1015
2689,0,1017
1858,0,1017
4281,2,1018
2109,1,1019
303,0,1019
1478,0,1019
1765,5,1020
4980,2,1021
4213,0,1021
934,0,1022
1379,7,1022
2937,5,1022
3164,0,1023
2590,0,1023
821,0,1023
846,0,1023
2600,6,1025
4714,0,1025
4760,6,1027
852,0,1029
1896,0,1029
3919,1,1032
819,2,1032
2864,5,1034
1495,0,1034
4068,2,1035
3311,0,1035
4842,7,1037
2239,7,1037
712,6,1039
803,0,1039
699,0,1039
4037,2,1040
1678,4,1040
3185,0,1041
4836,2,1042
4127,7,1044
2695,0,1044
4689,0,1045
2257,0,1045
3609,1,1046
172,0,1046
4474,4,1047
4922,0,1047
3581,3,1048
1413,2,1049
4929,7,1049
1849,5,1049
1190,6,1051
3885,0,1051
1776,4,1052
3852,0,1052
974,0,1054
4641,7,1054
842,0,1054
1865,0,1054
4082,0,1055
2295,3,1055
2391,5,1057
1671,0,1057
1086,0,1057
869,0,1058
654,3,1060
746,0,1060
3080,0,1060
327,0,1061
74,2,1061
2038,0,1061
3819,3,1062
4220,6,1062
4254,7,1062
2693,2,1063
3650,0,1063
2317,0,1063
697,2,1064
2492,0,1064
2218,0,1064
1345,6,1065
4875,0,1065
2429,7,1066
24,4,1066
4042,2,1068
1390,0,1068
3551,7,1070
2705,0,1071
3485,0,1071
2923,0,1071
2773,1,1072
966,0,1072
3547,0,1072
2824,1,1073
3997,1,1073
3816,0,1073
780,4,1074
4881,0,1075
2716,0,1075
2640,0,1076
1589,7,1076
3448,7,1079
696,7,1079
2002,5,1079
3969,0,1079
344,0,1080
1480,7,1080
702,1,1080
4497,0,1080
657,7,1082
2044,0,1082
4998,7,1083
2699,1,1083
1586,3,1085
3801,6,1085
4711,5,1085
978,4,1086
3933,0,1086
431,7,1087
4795,1,1087
273,5,1090
2152,0,1091
856,0,1091
1693,5,1092
2888,7,1092
665,6,1094
973,0,1094
2326,3,1095
3206,0,1095
2833,2,1096
4880,6,1096
324,2,1096
4135,5,1097
2577,5,1097
1279,2,1100
2611,0,1100
3199,2,1102
3840,5,1102
2083,6,1103
546,0,1104
1192,2,1105
4621,1,1105
1206,6,1105
3246,7,1107
1344,4,1107
2495,6,1109
875,0,1109
1347,7,1112
3368,2,1112
406,6,1113
1208,0,1114
4069,0,1117
3391,0,1117
3069,0,1117
3869,0,1118
4743,0,1118
2858,0,1118
3682,0,1118
2745,0,1118
771,3,1119
4013,0,1119
2274,6,1120
4360,7,1120
507,2,1121
3626,0,1121
975,7,1122
1565,0,1122
3723,0,1122
134,7,1123
1932,0,1123
4510,0,1123
1646,0,1124
4663,5,1124
2144,0,1126
848,1,1126
1979,0,1126
3092,6,1128
2875,6,1130
3666,0,1130
30,0,1130
3826,2,1131
2622,6,1131
492,3,1132
3048,0,1132
2421,0,1132
2323,3,1134
2341,5,1136
1352,3,1137
716,6,1137
4382,6,1139
572,0,1139
210,0,1139
4936,7,1140
1685,4,1140
2435,0,1141
2969,0,1141
1969,0,1141
4948,7,1142
4957,0,1142
2118,2,1144
2451,2,1145
951,0,1145
2258,5,1146
1306,3,1146
4889,0,1146
390,2,1148
3877,1,1148
655,7,1148
2511,2,1148
3254,0,1150
4130,2,1151
1608,2,1153
3327,0,1153
1286,7,1154
2,4,1154
3144,7,1154
1672,2,1156
4976,3,1157
309,1,1157
2112,1,1157
4119,0,1157
2351,0,1157
1568,2,1158
3025,0,1158
233,0,1158
1909,0,1158
3137,0,1159
1318,4,1159
1880,0,1160
4396,7,1160
568,4,1161
1084,7,1164
573,0,1164
1038,2,1165
4447,0,1165
1699,7,1166
4851,6,1167
2190,6,1169
1470,0,1170
3557,2,1170
3284,1,1173
4152,0,1173
1093,5,1173
1020,2,1173
152,0,1175
3593,1,1177
4511,0,1177
4702,0,1177
3306,6,1178
4252,0,1178
2616,0,1178
3689,0,1179
2566,2,1179
943,3,1180
3357,4,1180
517,0,1181
3060,1,1182
3698,7,1182
3230,0,1183
35,7,1183
795,2,1183
4020,1,1183
3724,5,1186
3256,4,1186
757,2,1192
2272,0,1192
4571,0,1192
4319,2,1193
1782,6,1193
4345,0,1194
2671,7,1195
2276,3,1196
666,0,1196
3203,0,1196
4094,3,1197
2840,0,1197
2518,0,1197
3897,0,1197
237,0,1197
193,2,1198
4725,0,1198
4324,1,1199
3128,0,1200
1203,6,1200
2919,5,1200
2154,2,1201
203,6,1201
188,3,1201
4520,0,1201
2047,0,1201
4379,0,1202
2694,0,1202
4358,7,1203
1311,0,1203
3130,5,1204
4326,1,1204
2204,7,1204
378,6,1207
1360,7,1207
1062,0,1208
4093,0,1208
3810,0,1208
928,0,1209
2310,0,1209
1373,0,1209
4175,0,1209
867,2,1210
2876,7,1211
2353,0,1211
3854,0,1211
2197,2,1212
2885,5,1215
4744,0,1215
1132,3,1216
3799,7,1216
3301,7,1217
3360,0,1217
4269,1,1220
4708,5,1220
3026,5,1222
1378,2,1223
1259,0,1224
964,0,1224
409,1,1225
4261,4,1225
106,4,1227
4376,7,1229
4843,0,1229
1819,0,1229
2285,6,1230
1624,2,1230
2933,0,1230
3007,0,1231
1268,0,1231
4653,5,1232
3654,7,1233
48,7,1234
711,0,1235
3878,0,1235
3276,0,1235
1696,6,1236
1862,1,1236
4273,6,1238
110,0,1238
3003,6,1239
1455,0,1240
4652,3,1240
2715,2,1240
1198,2,1240
4393,2,1242
4467,5,1242
2060,0,1244
1998,1,1244
1830,3,1244
3714,5,1244
4151,2,1247
3023,0,1247
2125,2,1248
1327,0,1248
1668,0,1248
2433,0,1248
522,1,1250
176,0,1250
4047,0,1250
3085,5,1251
2365,0,1251
1593,0,1251
4949,6,1252
4375,4,1253
1976,7,1255
4477,5,1256
4862,0,1256
1926,0,1256
2839,0,1256
4419,1,1258
1231,7,1259
4286,0,1259
1540,2,1260
2142,6,1260
2093,7,1260
1906,2,1260
2731,0,1262
2177,0,1262
104,0,1262
3375,0,1263
1868,1,1263
4790,2,1263
1735,0,1266
3968,3,1266
2932,6,1266
1577,5,1266
1066,1,1266
2134,2,1268
4064,5,1268
2000,4,1268
1040,2,1271
2800,0,1271
4116,0,1274
4389,5,1274
452,6,1276
3043,0,1276
1712,0,1276
1967,0,1277
1047,1,1277
4334,0,1277
651,4,1278
77,0,1278
4990,0,1279
4048,0,1279
3872,0,1279
1063,0,1279
3749,0,1279
3145,7,1280
2251,1,1280
2574,0,1280
3789,2,1281
1307,0,1281
4413,1,1281
1908,1,1283
2029,0,1284
1653,0,1284
1687,0,1284
4450,0,1286
3065,4,1287
3500,2,1287
2200,7,1288
4084,6,1288
419,0,1288
1520,3,1290
1992,7,1290
3321,0,1291
1772,5,1291
3653,0,1291
2818,0,1291
3119,2,1292
2508,1,1293
2627,0,1293
834,7,1294
4015,2,1294
1953,0,1295
658,0,1295
3755,2,1296
1144,4,1296
1383,5,1297
4661,2,1298
2593,1,1298
2863,0,1299
3619,0,1299
1502,0,1300
582,0,1300
3228,0,1300
2862,6,1302
3621,0,1302
2496,0,1302
3021,0,1302
533,5,1303
1079,6,1303
1812,3,1304
2547,0,1304
709,1,1305
3982,2,1306
2613,0,1306
1892,0,1306
1341,0,1307
3673,0,1307
3141,5,1308
4850,5,1308
3556,0,1313
4864,1,1313
2895,0,1313
244,1,1313
296,3,1315
815,0,1315
1367,2,1316
926,0,1316
4163,0,1316
2994,0,1318
3703,0,1318
1395,0,1318
3051,0,1319
133,0,1319
1661,0,1319
1219,4,1321
2750,5,1321
1451,1,1322
1432,0,1322
4150,0,1322
4977,7,1323
1147,0,1323
2135,0,1323
2143,2,1324
1806,0,1324
3898,7,1324
3781,5,1326
801,6,1327
2431,7,1327
2954,2,1327
4066,6,1327
4877,7,1328
2794,0,1328
3736,5,1329
32,0,1330
980,5,1330
1911,0,1330
2283,2,1332
1281,7,1332
1253,0,1332
2787,6,1333
28,6,1333
4431,2,1334
3618,0,1334
1901,3,1335
2045,4,1335
4670,3,1335
2973,1,1336
4051,0,1337
3716,0,1337
3088,6,1338
4365,3,1338
4149,0,1338
4750,1,1339
2722,0,1339
3582,3,1340
4966,6,1340
1843,0,1341
2145,0,1341
3423,7,1342
285,2,1342
1774,0,1342
311,0,1342
414,2,1343
314,0,1343
3704,0,1343
4710,2,1344
3455,0,1344
3950,0,1344
3389,2,1345
194,0,1345
471,0,1347
3118,0,1348
2072,6,1349
3583,2,1349
3536,2,1351
4801,0,1351
4470,0,1353
4633,0,1353
4526,7,1354
2549,3,1354
4805,7,1355
2205,0,1355
256,0,1355
2108,0,1355
3123,0,1355
3211,0,1356
4574,0,1356
2188,0,1356
2299,0,1356
3226,0,1356
3750,0,1356
4635,6,1357
1048,5,1357
4719,5,1358
4705,2,1358
1429,6,1358
2956,1,1359
3858,0,1359
1060,2,1359
3905,0,1361
4331,0,1361
1131,5,1361
4122,0,1363
4027,0,1364
2303,0,1364
564,4,1365
3320,0,1365
2106,0,1365
3370,0,1368
981,0,1368
2556,6,1368
544,3,1370
1382,2,1371
520,0,1371
3918,0,1373
2633,1,1374
620,0,1375
3171,0,1375
1452,0,1375
2402,0,1375
4277,0,1375
3786,2,1376
2313,6,1376
2537,0,1376
1503,7,1376
2589,2,1381
4557,0,1381
1254,0,1381
1346,0,1382
361,0,1382
2255,0,1383
4237,0,1383
1214,0,1383
1949,0,1383
4126,3,1385
99,1,1385
1264,7,1387
98,7,1387
4683,2,1391
4849,0,1391
2254,0,1391
4124,0,1391
1389,1,1392
2563,0,1392
231,0,1392
1948,1,1393
356,7,1393
2493,0,1393
4807,6,1393
2936,0,1396
1727,0,1397
2439,6,1398
824,0,1398
4695,5,1399
3889,0,1399
1793,0,1399
3416,0,1400
2133,0,1400
3845,0,1400
214,0,1400
4822,0,1401
1492,0,1402
3377,0,1402
2277,0,1405
331,0,1405
3712,3,1406
2094,0,1406
1256,6,1407
2054,5,1407
440,5,1407
4145,2,1407
3649,6,1408
108,4,1408
1996,5,1408
2733,4,1408
636,0,1411
1821,7,1411
4900,1,1412
2100,0,1412
2891,5,1413
1553,2,1413
482,4,1414
4839,7,1414
671,2,1415
1900,0,1415
4950,0,1416
2636,0,1417
3540,7,1419
3701,0,1419
508,0,1420
377,0,1420
3194,0,1420
2604,0,1420
955,2,1421
2068,2,1421
4449,0,1421
89,1,1422
2804,0,1423
1931,0,1424
4364,3,1426
1532,3,1426
3491,6,1426
3684,2,1428
679,0,1428
4572,0,1429
4038,0,1429
1715,0,1429
2119,0,1430
1014,0,1430
1939,0,1432
1907,0,1432
2097,0,1432
4622,0,1435
283,1,1435
1199,6,1435
2138,0,1435
3295,1,1435
3793,7,1439
1365,6,1439
4415,7,1439
4133,1,1441
2612,0,1441
1505,2,1442
4383,2,1442
4495,6,1443
4199,0,1443
2320,5,1445
596,7,1446
1846,0,1446
268,2,1446
336,2,1448
2397,0,1448
680,6,1449
228,0,1449
2432,0,1449
3157,2,1450
3681,1,1450
4372,1,1450
1561,3,1454
4185,0,1454
756,0,1454
3705,0,1454
3713,0,1455
1645,2,1455
247,5,1455
360,1,1457
2572,6,1459
3480,3,1460
1058,5,1461
3834,7,1461
3767,3,1461
4102,3,1463
3599,0,1464
3084,0,1465
4545,0,1465
3904,0,1466
4113,0,1466
3231,2,1466
4050,0,1469
2012,1,1469
823,4,1469
1811,0,1469
2236,0,1470
4303,3,1470
320,3,1470
1349,7,1474
4684,6,1474
4826,0,1474
4274,2,1474
2918,4,1476
752,1,1476
3347,6,1478
2280,2,1479
1738,0,1479
3909,7,1480
2343,2,1481
1458,0,1481
2505,0,1481
2868,0,1482
4968,0,1482
3077,2,1485
4681,0,1485
4938,1,1486
4318,6,1486
2828,0,1486
1170,0,1487
1363,3,1488
4442,6,1488
1716,0,1489
1117,7,1491
2066,0,1491
4666,6,1491
4975,5,1494
126,2,1494
4312,0,1495
4919,0,1495
4177,7,1496
1445,6,1496
3995,1,1497
683,2,1497
3419,1,1497
1781,6,1499
2370,7,1499
818,7,1499
4187,3,1501
185,7,1501
3286,0,1502
2767,7,1502
92,0,1502
1509,0,1502
3513,6,1503
3041,0,1503
4917,0,1504
3515,4,1504
733,0,1504
565,7,1505
483,0,1505
3671,0,1505
4664,2,1507
333,5,1507
967,7,1507
3417,3,1509
4234,0,1509
2927,0,1510
282,7,1511
1489,0,1512
4148,3,1513
2386,6,1513
297,7,1513
2116,3,1513
1044,0,1515
4554,7,1516
2778,0,1516
42,1,1517
4490,7,1517
1878,0,1521
1946,0,1521
3108,0,1521
921,0,1522
4289,0,1522
2373,0,1522
3071,0,1522
1076,2,1525
4230,6,1525
199,1,1525
4853,1,1526
95,1,1526
473,6,1527
2581,2,1528
3283,0,1528
4899,7,1529
3726,0,1529
1780,0,1530
837,6,1530
3787,0,1530
571,7,1531
1702,5,1532
534,0,1532
2477,3,1532
2805,0,1532
3176,2,1533
701,1,1533
2364,6,1536
3397,4,1537
4615,6,1537
1673,0,1537
1797,0,1537
1504,0,1537
2578,3,1538
1704,0,1538
4171,6,1538
96,0,1538
2153,0,1539
531,0,1539
2333,1,1541
888,0,1541
3837,0,1541
1800,5,1542
112,5,1542
2735,2,1543
3158,1,1543
2099,0,1543
2208,0,1544
4784,0,1544
465,2,1545
4791,7,1545
893,0,1546
2815,6,1546
2698,6,1547
3362,3,1548
2871,1,1548
2151,3,1548
1655,0,1551
2587,0,1551
2082,3,1552
3465,0,1552
4488,6,1554
2986,5,1555
4909,0,1555
2448,0,1555
3980,0,1557
135,0,1557
4006,7,1558
2993,2,1559
3038,0,1559
3958,2,1561
1627,0,1561
3579,7,1562
1408,0,1562
3758,6,1563
4509,4,1563
4659,2,1564
3622,6,1564
1287,0,1565
141,7,1565
3484,2,1566
3981,7,1567
1123,0,1567
3555,3,1568
487,3,1569
1329,0,1570
4915,0,1570
1213,0,1570
4138,0,1570
575,5,1571
2237,7,1572
2756,0,1572
4140,2,1572
4165,2,1572
1315,0,1572
2886,6,1573
329,1,1573
4336,2,1574
3139,0,1574
3090,0,1575
2110,0,1575
1222,0,1575
1446,0,1576
3247,7,1577
830,0,1578
4232,0,1579
577,0,1579
3739,1,1580
3184,3,1580
769,7,1580
306,3,1580
3643,0,1581
1193,3,1581
2368,1,1581
3016,2,1583
3425,6,1583
2718,3,1583
3150,5,1583
4182,0,1587
3456,1,1588
2597,6,1589
157,1,1589
1097,1,1589
3972,0,1589
3181,1,1590
1091,2,1590
2175,1,1591
811,6,1591
968,1,1591
263,0,1592
1511,0,1592
4677,0,1593
167,0,1594
3637,5,1595
3688,4,1596
3237,5,1596
2161,0,1596
3135,1,1597
4184,0,1597
2783,0,1597
2678,0,1597
66,0,1597
2854,0,1597
2672,0,1597
4789,1,1598
1290,3,1598
1636,7,1598
1528,0,1598
2010,0,1598
59,7,1600
1353,0,1600
3553,6,1601
1185,0,1601
1059,0,1602
493,0,1602
3265,0,1602
260,0,1603
4384,0,1604
1987,4,1604
900,0,1605
2107,2,1606
1570,6,1606
1251,2,1606
3260,0,1607
4012,1,1607
2411,0,1607
4967,7,1608
918,0,1609
2408,5,1609
2306,0,1609
1224,0,1609
865,0,1609
521,0,1609
551,2,1610
3393,2,1611
4674,1,1611
2042,2,1611
755,5,1612
2784,0,1612
1578,0,1613
3442,2,1613
3718,0,1614
4997,3,1615
496,0,1615
1371,3,1616
2991,7,1616
989,1,1616
930,0,1617
1501,3,1618
1421,6,1619
3964,6,1621
1151,0,1621
4608,7,1622
1255,4,1623
3374,4,1624
3920,6,1624
277,0,1626
2568,0,1626
736,2,1627
3493,1,1627
1710,3,1627
1128,0,1629
523,1,1629
123,3,1630
2123,2,1630
3235,0,1630
2643,7,1631
2378,0,1632
4854,7,1633
4667,0,1633
226,0,1633
3271,0,1633
3596,5,1634
3660,0,1634
4757,0,1635
212,0,1635
3143,4,1636
3373,1,1636
227,1,1637
4049,4,1637
3452,0,1638
3219,5,1638
3198,6,1640
2667,2,1640
3405,6,1642
1611,2,1642
484,0,1643
4255,0,1643
901,3,1647
2663,0,1647
1701,0,1647
3721,0,1647
4759,2,1648
3620,2,1649
1232,0,1650
4168,0,1650
2018,0,1650
4390,0,1650
1235,3,1651
3634,0,1651
4794,6,1652
988,4,1652
3561,6,1652
4106,0,1654
599,5,1654
1388,0,1654
806,2,1655
2032,1,1655
4898,0,1655
1515,1,1657
791,0,1657
2826,0,1657
3984,0,1657
162,0,1657
3054,0,1657
2136,2,1658
2345,0,1659
0,7,1659
467,2,1659
1164,0,1659
4107,2,1662
1447,1,1662
3212,2,1662
3216,6,1663
809,6,1663
3741,6,1664
2837,0,1664
4543,0,1664
421,0,1664
128,0,1664
584,1,1665
849,3,1665
1136,2,1665
4996,7,1666
612,7,1667
115,6,1667
4157,0,1667
872,0,1667
4351,1,1669
4804,1,1669
3744,1,1670
3882,7,1671
4740,0,1671
784,0,1671
3064,3,1672
4498,3,1672
2648,5,1672
2970,1,1672
150,3,1672
4125,2,1674
621,0,1674
1041,1,1675
1872,7,1675
3562,6,1675
4825,0,1678
4512,0,1678
689,0,1678
1494,0,1678
4682,0,1679
1510,0,1679
2376,7,1681
524,0,1681
3335,3,1682
1188,2,1682
3163,0,1684
4401,0,1684
3511,3,1685
4211,1,1685
1854,1,1685
1550,4,1686
1220,6,1686
156,0,1688
645,0,1688
1923,0,1688
985,6,1689
3437,0,1689
1036,0,1689
3142,0,1690
2180,2,1691
3263,0,1691
1305,3,1694
4987,5,1694
4700,1,1695
2259,1,1696
292,0,1696
2115,3,1697
3715,2,1698
3911,0,1698
706,6,1699
4416,0,1699
3672,0,1699
2647,2,1700
4233,7,1700
4161,0,1700
1322,0,1700
3019,0,1700
2913,0,1702
178,0,1702
3296,0,1702
1676,0,1703
3365,2,1704
2855,1,1704
2834,6,1706
3944,0,1707
2696,0,1707
2191,7,1708
1805,5,1708
3962,0,1710
4034,6,1710
145,0,1711
3111,0,1711
1165,0,1711
2898,3,1713
2199,0,1713
72,0,1713
4134,0,1713
698,6,1714
3278,0,1714
4422,0,1714
1857,1,1715
899,0,1715
481,0,1715
1638,2,1716
825,0,1716
2623,0,1716
1033,0,1716
3638,0,1716
1700,0,1718
4861,7,1718
2599,2,1718
4952,7,1718
2222,2,1721
2724,2,1721
1274,0,1721
202,0,1722
4665,6,1723
1681,1,1723
4357,0,1723
4583,0,1724
2961,2,1724
4191,4,1725
1129,0,1725
990,3,1727
1631,6,1727
1796,0,1729
1135,0,1729
340,1,1731
1137,0,1731
3963,1,1731
183,5,1732
430,2,1732
603,3,1732
1777,3,1734
4218,7,1734
384,6,1736
1013,0,1736
2746,5,1737
3641,0,1737
2103,7,1738
3009,0,1740
1130,6,1740
2359,0,1740
3999,0,1742
1469,0,1742
3063,0,1742
1767,1,1743
3571,4,1743
1538,3,1747
2673,2,1748
4630,3,1748
2530,3,1749
1887,0,1749
3616,7,1750
353,0,1750
2981,0,1750
4921,3,1751
2327,2,1751
3052,7,1751
3692,3,1752
4486,0,1752
3985,6,1753
4882,6,1753
3042,2,1755
276,0,1755
1875,0,1755
2316,0,1755
3925,0,1758
1331,7,1759
3507,0,1760
1167,0,1760
2758,2,1761
3266,6,1761
1975,7,1761
2468,2,1763
3864,0,1763
4788,6,1764
2682,3,1764
759,7,1765
180,1,1765
506,0,1766
3492,0,1766
510,0,1766
2908,0,1766
1257,3,1767
3244,6,1767
708,6,1767
3807,1,1767
1054,0,1769
213,0,1769
486,0,1769
3107,3,1772
1073,0,1772
1405,2,1773
3498,0,1773
3281,2,1773
3234,0,1776
1241,1,1777
2659,1,1777
2367,6,1778
3600,0,1778
7,0,1779
3927,0,1779
4712,0,1779
1420,1,1780
388,0,1780
1201,6,1780
2720,1,1780
3252,6,1781
2230,0,1782
341,5,1783
2096,2,1783
1029,7,1783
2449,5,1784
4774,1,1784
1433,5,1784
4831,7,1785
2820,6,1785
2235,1,1785
2955,0,1786
3352,0,1787
4438,4,1787
257,0,1787
2244,2,1788
660,0,1788
3312,0,1788
1881,0,1788
4852,0,1788
2319,2,1789
2806,5,1789
3901,3,1789
1746,3,1790
4198,0,1791
3291,0,1791
3322,0,1791
3856,0,1791
3802,3,1793
1848,0,1793
894,0,1794
3487,0,1794
2924,0,1795
2289,1,1798
2922,0,1798
3458,3,1800
1993,6,1800
4989,2,1800
4200,0,1802
289,0,1802
764,0,1802
1814,0,1802
4044,2,1803
1055,6,1803
2356,2,1804
2780,1,1804
46,5,1805
2668,7,1805
615,0,1805
2209,0,1806
1674,0,1806
629,2,1807
4433,0,1807
737,6,1808
4033,2,1808
208,7,1811
56,7,1811
4542,2,1813
1648,0,1813
2851,6,1814
1280,1,1814
3743,7,1816
3923,1,1816
2286,0,1816
3332,6,1817
1394,0,1817
4002,7,1818
2634,1,1818
3241,0,1818
936,7,1819
2282,0,1819
2221,1,1820
898,2,1820
3695,0,1820
4935,3,1823
3578,0,1823
2942,7,1825
4304,6,1825
4328,0,1826
4065,0,1826
1625,0,1827
729,0,1827
3359,1,1828
2165,6,1829
4315,0,1829
2831,0,1829
1462,0,1829
205,0,1829
3702,0,1830
1978,4,1830
1431,5,1831
844,0,1831
245,0,1831
2983,2,1832
3028,5,1832
4514,3,1833
2817,0,1833
2124,0,1833
792,0,1833
1442,6,1834
1951,1,1835
4582,1,1835
4087,0,1836
410,0,1836
3924,5,1837
4380,0,1837
1601,3,1838
2261,0,1838
139,2,1838
432,2,1838
857,2,1844
4469,0,1846
4167,5,1846
4271,1,1846
4054,1,1847
3624,7,1848
2293,3,1849
4203,7,1852
4325,0,1852
3483,0,1852
4344,2,1853
1807,0,1853
116,0,1853
995,7,1854
999,6,1854
3973,5,1854
2005,0,1854
87,0,1855
1409,5,1855
1599,7,1855
1293,0,1858
1229,0,1859
774,2,1859
190,2,1862
3240,2,1862
253,7,1865
2302,6,1866
1273,6,1866
2703,0,1867
1882,0,1867
3696,0,1868
4292,0,1868
2520,0,1868
1585,0,1868
4060,7,1869
458,0,1869
3805,0,1870
4599,0,1870
2069,7,1871
4159,3,1871
4369,2,1872
1962,7,1872
4466,3,1875
4201,6,1875
1614,1,1877
1873,4,1877
550,1,1882
236,0,1882
870,6,1882
4214,2,1882
1755,7,1885
3880,0,1885
1937,0,1885
740,2,1886
290,3,1886
2906,0,1886
718,5,1887
3372,0,1887
4946,2,1888
1718,1,1888
1366,0,1888
1883,0,1888
3851,1,1891
2823,7,1891
1927,0,1891
218,2,1892
890,0,1892
3469,7,1892
3100,2,1894
215,2,1894
4598,0,1894
4856,0,1894
4196,0,1896
2363,0,1896
2394,3,1897
4913,7,1898
4272,2,1898
578,5,1900
2030,0,1900
395,5,1901
690,0,1901
2721,0,1901
3524,3,1902
4876,1,1902
1790,1,1903
2596,2,1906
2670,5,1906
542,3,1906
1826,4,1906
497,6,1907
3325,5,1909
3633,2,1910
1736,0,1910
942,0,1910
1808,0,1910
3861,5,1911
4786,0,1911
3790,1,1911
1449,6,1912
3102,3,1912
2749,0,1913
2649,6,1913
4709,0,1914
4180,7,1914
3632,4,1915
4101,0,1915
4031,0,1915
1581,0,1915
2479,0,1916
3229,0,1916
4817,0,1916
1146,0,1916
1791,0,1916
3584,0,1916
4874,2,1917
4706,7,1917
1500,7,1918
2025,3,1918
971,0,1918
681,0,1919
816,2,1919
1159,7,1920
3383,0,1920
3657,1,1921
2315,4,1921
3922,0,1921
4930,2,1925
4618,0,1925
4587,7,1926
2425,6,1926
52,0,1926
1266,3,1927
1983,0,1927
4785,0,1927
2729,0,1927
3504,2,1928
209,1,1928
158,6,1928
1835,6,1931
4515,0,1931
1966,2,1931
463,1,1932
2418,7,1933
570,0,1933
1155,0,1935
3217,0,1935
4994,0,1935
57,0,1935
4888,0,1935
3040,1,1936
4969,5,1936
1723,1,1936
2741,0,1936
4454,1,1937
3855,7,1938
2268,3,1939
2472,1,1939
164,1,1940
2273,6,1941
559,0,1941
1282,2,1942
3811,6,1942
2541,2,1944
2504,0,1944
2619,5,1945
2743,2,1946
4045,4,1946
4323,7,1947
4907,3,1947
2020,2,1948
2925,3,1948
1913,0,1948
1182,0,1950
4638,2,1951
3756,0,1951
3539,0,1951
3863,0,1951
700,0,1952
1019,0,1952
2063,0,1952
1454,2,1954
614,2,1954
2531,2,1957
1385,0,1957
4628,0,1957
1142,0,1957
4103,3,1958
1816,3,1958
243,2,1962
1640,0,1962
2095,6,1963
4508,6,1963
2976,0,1963
6,3,1964
2475,0,1964
735,0,1964
1841,0,1965
2052,6,1966
874,0,1966
1734,0,1966
3667,0,1966
4961,1,1967
2591,2,1967
312,7,1968
1529,0,1968
807,0,1968
1664,7,1969
4025,0,1969
4974,6,1970
4528,0,1970
424,0,1970
2185,0,1970
4651,0,1970
2131,0,1973
4492,5,1973
103,0,1973
610,5,1973
63,1,1975
4026,3,1975
1744,5,1977
778,0,1977
858,0,1977
3061,0,1977
286,0,1978
829,2,1978
3603,5,1978
2395,4,1981
902,2,1981
3422,5,1984
952,0,1984
2521,2,1984
2602,2,1985
3875,0,1985
3998,0,1986
1240,1,1987
4958,4,1987
2419,7,1987
1514,7,1989
4971,6,1990
2489,0,1990
4551,0,1990
3697,2,1991
659,0,1991
4485,0,1991
4385,7,1992
853,0,1992
2088,0,1992
1904,0,1992
4648,3,1993
2669,1,1993
3307,1,1994
3210,0,1994
2384,5,1995
2266,3,1996
1938,0,1996
4493,1,1999
2846,1,1999
4007,0,2001
1656,0,2001
2490,1,2002
2545,0,2002
580,1,2003
323,5,2003
4568,0,2004
3182,2,2007
2838,3,2007
1148,2,2008
558,1,2008
4943,6,2010
3783,5,2010
770,3,2011
3745,0,2011
2958,2,2012
1616,0,2012
4123,0,2013
242,4,2013
4601,2,2013
1522,6,2014
4727,5,2017
1707,7,2017
154,7,2017
382,0,2018
2950,1,2019
2701,6,2020
4460,0,2020
516,0,2020
1683,6,2021
3668,0,2021
885,1,2022
2339,0,2022
2921,3,2024
721,5,2024
3344,0,2026
4327,2,2026
1386,0,2027
3068,0,2027
4014,0,2027
1479,5,2028
2193,2,2028
2752,0,2028
1721,2,2030
4624,5,2030
4367,7,2031
459,7,2031
933,0,2031
3314,7,2032
3809,3,2033
4129,0,2033
4039,0,2033
181,6,2034
1230,1,2036
1733,3,2036
3883,0,2036
1330,7,2038
4111,0,2038
2644,2,2039
2679,0,2039
3221,3,2041
130,0,2041
622,0,2042
2929,3,2042
1050,0,2045
1533,0,2045
2532,1,2046
2759,0,2046
4506,7,2046
3563,0,2046
4566,3,2047
4118,5,2048
576,0,2048
3938,0,2048
761,0,2048
4092,0,2048
3390,6,2049
4282,2,2049
2473,7,2049
4818,0,2050
4362,6,2050
1296,4,2050
4893,2,2050
2226,2,2050
1439,0,2054
4830,1,2055
4857,2,2055
1936,3,2055
2506,6,2057
4897,0,2057
2059,5,2058
2595,0,2058
3544,7,2062
567,6,2062
2369,2,2063
2346,0,2063
4894,0,2063
2006,0,2064
817,6,2065
4534,0,2065
4892,3,2066
847,5,2067
707,6,2068
2816,7,2068
3521,0,2068
4162,0,2069
2004,0,2069
2723,0,2069
1011,2,2070
2984,0,2070
3732,1,2071
2548,0,2072
1644,0,2072
3326,0,2072
1705,5,2073
4301,0,2073
3446,0,2073
656,0,2075
2350,2,2076
3550,0,2076
804,0,2076
3505,7,2078
616,3,2078
2802,6,2078
1517,7,2078
2912,1,2078
2680,5,2080
2461,7,2080
822,7,2081
3764,7,2081
2497,0,2083
4222,1,2084
2483,0,2084
1918,6,2085
58,1,2085
1571,7,2086
537,0,2086
4412,0,2087
1569,0,2087
3886,0,2087
2335,0,2087
4392,5,2088
3029,0,2088
1121,5,2091
2420,7,2091
148,2,2092
4654,0,2092
1356,3,2093
4307,2,2093
3193,3,2093
3201,0,2093
1940,0,2093
3975,0,2093
1078,2,2094
3623,3,2096
393,0,2096
3191,0,2096
2182,0,2096
434,0,2098
1626,6,2098
653,7,2099
4734,0,2099
443,7,2099
836,4,2100
563,0,2100
3532,1,2101
3408,0,2101
3153,2,2101
2755,0,2101
3186,6,2102
2632,0,2102
3717,6,2105
1941,0,2105
2043,0,2106
1961,0,2106
4000,1,2108
4059,1,2108
4569,6,2110
2081,0,2110
299,0,2110
4058,0,2110
3354,2,2111
3454,3,2111
743,7,2112
2340,3,2112
4584,1,2114
3977,0,2114
2149,5,2114
4451,5,2116
305,3,2117
137,1,2118
972,0,2119
1242,0,2119
4010,7,2120
1440,6,2120
3222,1,2121
3635,7,2121
3776,7,2124
3651,6,2125
2318,2,2126
1335,4,2128
2938,3,2128
1679,2,2129
2442,0,2129
1028,0,2129
675,2,2130
4626,7,2130
4483,2,2130
1320,0,2131
4823,0,2131
3440,2,2133
3530,2,2133
3669,0,2135
9,0,2135
415,5,2136
1652,6,2136
618,7,2138
1053,0,2138
3608,2,2139
4216,0,2139
2187,6,2141
1632,5,2141
624,2,2142
4942,0,2142
234,0,2142
687,0,2142
959,0,2144
1183,3,2144
2246,2,2144
371,6,2148
1635,2,2148
2700,2,2148
1724,2,2150
3757,6,2150
3722,3,2150
1658,0,2150
4190,7,2151
1375,3,2151
3406,5,2151
4845,1,2152
3220,1,2152
4139,0,2152
909,5,2153
2471,0,2153
4939,0,2153
2764,5,2154
4844,0,2154
1649,2,2155
4487,1,2155
3001,4,2155
970,2,2156
3189,0,2156
1929,1,2156
3394,0,2156
2517,2,2157
992,0,2157
4972,1,2158
129,0,2160
1914,3,2161
2393,6,2161
4210,0,2164
248,3,2165
1080,0,2166
4944,0,2166
206,2,2167
75,0,2167
4109,0,2167
3706,0,2167
2387,4,2168
2967,7,2168
3272,0,2170
55,0,2170
2528,0,2170
2897,0,2170
3035,2,2171
1959,6,2171
3803,7,2171
3884,0,2175
2173,6,2176
3655,0,2176
1211,7,2177
1831,7,2177
3499,3,2179
3661,0,2179
2974,0,2179
1910,0,2180
3943,7,2180
2775,0,2180
4945,4,2182
722,5,2182
2761,0,2184
3680,2,2185
4970,0,2185
3656,0,2185
1834,0,2185
1630,7,2186
4776,0,2186
4029,5,2188
4533,3,2189
4099,6,2191
1912,0,2193
588,7,2194
4718,7,2195
4841,1,2195
2076,0,2195
3509,5,2196
4299,0,2196
2788,0,2196
460,6,2197
3380,7,2197
4658,2,2198
1297,2,2198
1788,6,2200
4620,0,2200
3277,0,2203
3971,0,2203
1730,0,2204
2079,0,2204
4251,7,2206
4381,2,2207
891,2,2207
1477,0,2207
3086,0,2207
3606,0,2207
2160,2,2208
2242,5,2208
3989,0,2208
2975,7,2209
3777,1,2209
1486,7,2209
1754,2,2209
3966,7,2213
19,0,2213
2292,0,2213
3946,0,2213
4293,4,2214
642,0,2214
4223,3,2215
2859,7,2216
2203,7,2216
1847,0,2217
2677,0,2217
2015,2,2218
4425,2,2218
2998,0,2220
4246,1,2220
745,7,2220
4686,2,2223
4687,1,2223
2770,7,2224
4560,0,2224
4834,0,2224
1113,0,2225
4235,0,2225
3415,3,2226
4593,0,2226
3121,0,2226
1491,0,2226
4426,0,2226
3251,0,2227
2036,0,2227
3424,3,2227
4886,6,2228
3774,0,2228
4723,2,2229
62,2,2229
1031,0,2229
3526,0,2229
2011,0,2230
2538,0,2230
1000,0,2231
1853,0,2232
2309,0,2232
2795,0,2232
280,0,2232
1824,0,2232
3806,0,2233
997,0,2235
1302,0,2236
4647,0,2237
220,0,2237
326,2,2238
2534,3,2238
2779,0,2239
2163,4,2240
3646,0,2240
1114,0,2240
3371,0,2241
3387,5,2241
2403,7,2242
4698,1,2242
2122,5,2242
4040,0,2244
3367,0,2244
3196,0,2244
4559,0,2244
1803,0,2246
1112,0,2247
4581,0,2247
1326,0,2247
1140,0,2249
4531,0,2249
895,0,2251
4561,0,2251
4883,2,2252
4446,6,2253
102,6,2253
2062,0,2253
1897,0,2253
3808,0,2253
2730,0,2253
363,0,2254
4239,0,2254
2559,0,2256
1995,6,2259
3570,7,2259
4395,6,2259
4521,2,2260
3676,0,2261
3409,7,2261
4549,2,2262
3376,0,2262
3993,5,2263
2609,0,2263
3769,0,2263
1612,6,2264
648,6,2264
4476,0,2264
3908,2,2266
4302,6,2266
1924,3,2266
2738,1,2267
1558,7,2268
4692,2,2268
3876,6,2270
1787,0,2270
1691,0,2270
3770,0,2270
391,4,2271
4052,7,2271
3098,3,2273
3867,6,2273
4352,0,2273
4424,6,2275
3152,0,2275
4501,0,2275
2058,2,2276
1178,0,2276
887,0,2277
1760,5,2278
2438,3,2278
1600,1,2278
2220,7,2281
4965,0,2281
1548,7,2283
4611,0,2283
1358,7,2284
4707,5,2284
4715,1,2285
2866,6,2285
4245,7,2286
3366,5,2288
3506,0,2288
1742,0,2288
1770,5,2289
4350,0,2289
4680,5,2289
3364,3,2290
1798,0,2290
1141,0,2290
3451,5,2292
1919,6,2292
604,0,2294
4781,4,2294
4642,0,2294
2674,0,2294
1659,0,2295
3827,0,2295
2085,0,2295
219,5,2296
1070,7,2296
4314,0,2296
107,3,2297
4870,6,2297
4429,0,2297
2890,0,2297
682,3,2298
4516,0,2298
1684,0,2299
3225,0,2299
1275,6,2300
352,1,2300
4435,7,2300
1384,0,2301
2502,0,2302
2821,2,2302
1467,3,2302
3590,1,2305
3890,0,2305
3936,0,2305
1157,2,2306
4453,2,2306
3899,7,2306
3407,3,2308
513,7,2308
4366,2,2309
1485,0,2309
4417,2,2311
3330,0,2311
1212,0,2311
2441,2,2312
1968,7,2312
4932,5,2312
307,0,2313
1332,0,2313
3759,1,2314
1964,0,2314
3847,0,2314
4062,2,2315
2140,0,2315
813,0,2315
773,0,2315
1739,6,2318
416,5,2318
4499,2,2319
4104,6,2319
177,2,2321
161,5,2322
1498,6,2323
2065,0,2323
3836,0,2324
1026,0,2324
557,0,2324
1764,0,2324
346,0,2324
3106,5,2325
2928,0,2325
1952,0,2325
2777,6,2326
1706,7,2326
1301,0,2326
4783,0,2326
4283,0,2327
3647,0,2327
2903,4,2330
4546,6,2330
2238,0,2330
4704,0,2330
2546,1,2331
4141,3,2331
2101,4,2331
2308,3,2332
3663,2,2333
4330,6,2333
4414,1,2334
4756,7,2334
2744,7,2335
2874,0,2335
2594,0,2335
4691,0,2335
4440,0,2336
4018,2,2336
673,5,2336
442,3,2337
1249,1,2337
2583,0,2337
364,0,2339
2186,0,2339
3580,2,2341
485,5,2341
2850,3,2342
3753,2,2342
2355,0,2345
2212,5,2345
173,6,2345
3056,0,2345
2183,2,2346
1312,7,2346
1606,1,2346
1006,0,2346
2847,7,2347
3435,7,2347
3208,2,2348
938,0,2349
4461,0,2349
4923,0,2349
142,7,2350
4387,2,2350
4558,1,2350
3248,4,2355
2524,0,2355
1081,6,2356
4482,0,2359
4951,3,2360
41,3,2360
3955,7,2362
2881,0,2362
1543,5,2363
835,6,2363
1518,0,2363
1839,0,2364
2978,0,2364
3488,0,2364
1670,2,2365
4154,0,2365
4908,0,2365
3952,3,2366
4920,1,2366
3079,6,2366
2462,1,2367
4769,0,2368
4690,3,2368
953,0,2368
2582,7,2371
3049,7,2371
961,2,2371
3941,3,2371
3197,3,2374
787,4,2374
1228,5,2375
4779,0,2375
4248,0,2375
1336,0,2376
1588,3,2376
4793,0,2376
1162,1,2376
1527,2,2378
3796,0,2378
831,7,2379
2650,6,2379
3294,5,2380
3594,0,2383
4911,0,2383
3785,2,2384
2964,0,2384
2899,0,2384
2685,0,2384
3591,0,2386
861,0,2386
1621,7,2387
2512,6,2387
2269,6,2387
3261,5,2389
2586,7,2390
412,0,2392
271,6,2393
475,0,2393
101,0,2393
1,0,2394
369,2,2394
3934,0,2394
2516,1,2397
376,3,2397
4775,6,2397
504,0,2398
3738,1,2399
479,5,2399
1921,3,2399
3449,1,2400
674,3,2401
4085,0,2401
428,0,2401
1633,0,2401
602,7,2404
2769,0,2404
4866,4,2405
4809,0,2405
541,7,2406
20,3,2406
2909,3,2407
33,3,2407
3075,0,2407
3120,0,2408
3233,3,2409
1994,0,2411
839,0,2413
2174,0,2413
1731,0,2416
3310,7,2418
4802,0,2418
2028,0,2418
3940,6,2420
1778,0,2420
240,0,2420
3074,2,2421
2510,3,2421
2869,7,2423
2290,5,2423
1244,0,2424
1886,0,2424
2436,0,2426
1471,2,2426
1935,3,2427
886,6,2427
2009,0,2427
4991,6,2431
3253,7,2431
4019,0,2431
4231,0,2431
4341,2,2432
676,3,2432
1785,2,2432
2980,0,2432
119,2,2433
4639,6,2433
4202,6,2433
2562,0,2433
1874,3,2435
1556,0,2436
3652,6,2436
1507,0,2436
762,0,2436
2877,5,2438
2167,5,2438
2040,0,2438
216,0,2439
2865,0,2439
4342,0,2439
2513,0,2439
3057,0,2439
3548,0,2439
2485,6,2440
1321,0,2440
3369,0,2440
2037,1,2441
1757,0,2441
4121,0,2441
3172,1,2442
4356,2,2442
21,0,2442
862,1,2443
3015,1,2443
127,0,2443
50,0,2443
1749,7,2445
2089,0,2445
4458,4,2445
744,0,2447
3436,1,2448
626,3,2448
2410,5,2449
598,6,2449
3932,5,2449
2329,1,2449
1534,1,2451
2457,2,2452
2214,1,2453
3965,0,2453
1531,7,2454
4465,7,2456
4872,3,2458
223,5,2458
840,0,2458
789,0,2458
143,0,2458
4612,6,2460
379,6,2460
1043,0,2460
2148,0,2460
2709,0,2460
991,7,2461
4660,0,2461
4343,1,2464
2585,0,2464
3138,0,2465
3091,5,2465
4,4,2467
39,0,2467
2631,0,2468
2459,0,2468
4764,0,2469
2443,0,2469
910,3,2470
739,0,2470
1023,0,2471
4374,6,2471
4043,1,2471
4947,2,2472
1444,2,2472
1637,4,2473
529,7,2474
2781,0,2474
1903,5,2475
630,0,2475
3162,0,2475
2714,1,2476
589,4,2476
2014,5,2476
374,6,2477
649,0,2477
908,0,2480
189,2,2480
1295,0,2481
3287,0,2481
4733,2,2482
3585,2,2482
3751,0,2483
3662,0,2483
2799,3,2485
4726,4,2485
912,7,2486
4481,0,2486
4226,7,2487
2412,0,2487
2213,0,2487
526,0,2487
279,7,2488
93,0,2488
754,6,2489
2031,0,2489
2234,0,2489
4962,2,2490
4858,5,2490
4768,0,2490
775,3,2491
3828,2,2492
917,6,2492
2231,0,2493
1174,0,2493
2601,0,2493
4229,0,2493
1270,7,2494
4361,5,2494
2260,2,2496
2481,0,2496
3949,0,2496
4001,3,2497
2515,0,2497
2360,1,2498
633,0,2498
407,6,2501
3792,1,2502
1424,2,2503
3527,4,2504
436,0,2504
3020,0,2504
1380,2,2505
866,7,2505
266,2,2505
685,7,2506
4752,7,2506
2598,7,2508
1622,6,2509
12,3,2509
1530,5,2509
383,0,2510
2754,5,2510
3800,0,2511
2247,3,2511
2039,0,2513
198,7,2513
509,7,2513
3549,4,2515
2023,0,2515
4056,2,2516
3838,3,2516
1513,0,2518
2055,6,2519
2480,0,2520
355,2,2520
3338,1,2520
4322,1,2521
3601,5,2521
4541,2,2521
3134,0,2521
976,6,2521
2684,0,2524
4803,1,2524
1850,2,2525
1813,0,2525
4240,0,2526
3159,3,2526
1499,1,2527
2245,7,2528
1334,7,2529
1642,4,2530
4787,0,2530
3525,3,2531
2573,0,2531
3087,0,2531
3,0,2532
4820,0,2532
595,0,2532
4260,7,2534
1794,0,2534
2338,0,2535
1837,0,2535
3385,0,2535
1115,1,2536
2789,7,2536
3378,7,2538
4188,3,2539
3339,0,2540
451,0,2540
1339,0,2540
1972,2,2541
1604,7,2541
4144,5,2542
2137,0,2542
950,2,2543
2557,3,2544
4418,5,2544
251,0,2544
876,0,2544
591,6,2545
1576,7,2546
2342,0,2546
4819,6,2547
65,0,2548
166,0,2548
348,0,2548
4267,2,2551
1763,1,2551
2509,0,2551
3471,6,2552
4421,3,2552
2514,0,2556
1583,1,2557
1524,2,2557
2845,1,2557
4595,2,2558
1989,5,2558
1067,0,2558
4992,0,2559
3574,0,2559
4656,7,2560
1597,0,2560
2252,0,2560
1547,0,2562
1049,7,2562
4400,7,2562
464,4,2562
2561,7,2563
1877,0,2563
3761,4,2564
1207,1,2564
1725,0,2565
4472,0,2565
2264,0,2567
1456,2,2567
2569,5,2568
2380,2,2568
420,7,2568
469,5,2568
1482,5,2569
2430,1,2569
4983,0,2569
3410,5,2569
4242,0,2571
399,3,2571
1845,6,2572
1096,0,2572
468,6,2573
4766,0,2573
4539,0,2573
4386,0,2573
4529,0,2573
4570,2,2574
4806,0,2574
2977,0,2575
3112,2,2575
238,2,2575
1398,3,2577
3892,0,2577
1809,2,2579
321,0,2579
3316,0,2579
3445,3,2580
160,0,2580
1168,6,2581
1103,3,2581
354,7,2581
1690,7,2585
3870,0,2585
330,2,2586
501,0,2586
3788,6,2587
502,7,2587
1605,2,2588
763,0,2588
4941,5,2589
224,2,2589
427,6,2589
387,2,2591
4835,0,2591
1092,0,2591
433,0,2591
3036,1,2592
4885,5,2593
3178,0,2593
4089,2,2594
2620,6,2595
1838,3,2595
767,6,2595
1100,6,2596
4403,0,2596
2873,7,2597
491,4,2597
2527,0,2597
3947,0,2598
300,3,2599
505,0,2599
3239,2,2600
1106,0,2601
1861,2,2601
4496,7,2602
1650,1,2602
3046,0,2602
3775,1,2603
777,7,2603
3630,6,2604
4739,5,2604
965,0,2604
3355,0,2605
3170,0,2606
781,0,2606
2656,7,2607
269,0,2607
3443,3,2608
1422,6,2608
949,0,2608
204,7,2609
2241,0,2609
883,0,2610
1686,0,2610
2224,0,2610
627,0,2610
1015,0,2610
4564,0,2610
2732,3,2611
2265,2,2611
1885,7,2611
1205,0,2612
2240,0,2613
4629,0,2613
1098,0,2613
3843,1,2615
2013,0,2615
3315,0,2615
4368,2,2616
670,2,2616
2584,5,2617
1864,2,2620
4055,2,2620
1970,3,2624
4115,2,2624
969,6,2624
1574,7,2624
1623,0,2624
982,2,2626
396,3,2626
1867,3,2626
1745,7,2629
1934,0,2629
4956,1,2630
4432,1,2630
2570,2,2630
4847,0,2632
3794,2,2632
1559,6,2632
31,7,2633
647,2,2634
3297,3,2634
4462,7,2634
2946,0,2637
4731,0,2637
4902,1,2638
2626,0,2638
2926,0,2638
3173,0,2638
4278,0,2638
547,2,2641
3318,0,2641
1870,6,2643
488,0,2643
3097,0,2643
4505,0,2643
4770,6,2644
4491,4,2644
1756,0,2645
635,0,2645
4373,0,2646
1134,1,2647
2008,0,2647
4772,0,2648
3604,1,2648
3000,0,2648
94,1,2649
3725,4,2649
2250,7,2650
3612,0,2651
3384,7,2651
2450,4,2651
4613,3,2652
2156,6,2652
2155,2,2652
2947,2,2653
4617,5,2653
3533,0,2655
3215,0,2655
2757,3,2656
1860,0,2656
4479,0,2656
2171,0,2658
2291,2,2659
1045,2,2660
3439,0,2660
2525,3,2660
3168,2,2662
3746,1,2662
165,0,2664
747,0,2665
444,0,2666
2896,0,2666
2405,1,2667
2253,6,2668
270,0,2668
3510,7,2668
939,2,2672
2635,7,2673
4088,0,2673
2051,0,2673
2114,1,2674
3486,2,2675
929,6,2676
957,0,2676
2801,3,2677
3686,6,2677
1895,2,2679
695,0,2679
3991,4,2680
826,0,2680
275,4,2681
3420,0,2681
1414,0,2683
88,0,2683
3818,7,2684
2243,3,2685
474,0,2685
4120,0,2685
1840,3,2686
3595,6,2686
4076,7,2686
1403,0,2686
4755,5,2687
897,3,2688
2835,3,2689
1303,2,2690
4353,0,2690
2533,0,2691
2786,0,2691
1762,0,2691
979,0,2693
2298,0,2693
1163,6,2694
4091,4,2694
2071,1,2695
1836,0,2695
2102,3,2695
2519,2,2696
4643,4,2696
601,7,2698
4999,0,2698
3022,2,2700
1771,0,2700
304,2,2701
1180,0,2701
4320,0,2701
2734,2,2702
3974,4,2702
2415,2,2703
3797,3,2704
2194,2,2705
2691,6,2705
4573,7,2706
539,0,2706
4640,0,2706
1204,0,2706
140,0,2706
3227,0,2706
4634,6,2707
3719,7,2707
1057,0,2707
2997,0,2707
1775,2,2708
1680,0,2708
2491,5,2709
3589,3,2710
4296,0,2710
332,5,2711
3629,6,2712
2960,6,2712
4003,5,2712
730,1,2715
725,0,2715
2087,0,2715
639,3,2716
3929,0,2716
4207,0,2717
3461,0,2717
3674,0,2717
4137,7,2718
3105,0,2718
4904,7,2719
2344,2,2719
963,7,2719
4507,2,2719
662,4,2721
882,0,2721
1428,7,2722
2382,1,2724
1740,0,2724
919,0,2724
555,2,2726
812,0,2727
1688,0,2727
1573,2,2728
2962,4,2728
3223,0,2728
4895,4,2730
1822,0,2730
4540,0,2730
694,0,2730
628,0,2730
3031,0,2730
3914,0,2732
1971,7,2732
1412,3,2735
4147,6,2735
3093,2,2737
1089,0,2737
3453,0,2737
241,0,2737
3013,2,2738
2544,0,2738
3413,3,2739
4746,0,2739
1587,6,2740
2399,1,2740
1799,6,2741
4478,0,2741
2990,6,2742
4914,0,2742
881,0,2743
1928,6,2743
4800,7,2743
1166,7,2745
3328,0,2745
325,0,2745
1453,0,2746
4984,2,2746
4696,0,2746
833,1,2747
2278,2,2747
2892,1,2747
418,5,2750
1392,0,2750
4563,3,2751
996,2,2752
535,6,2752
4837,3,2752
1319,2,2754
3820,0,2754
2717,0,2754
765,0,2754
4221,6,2755
3468,7,2755
3441,2,2755
53,2,2755
4594,4,2757
4170,6,2757
411,0,2757
1436,3,2757
284,5,2758
4585,0,2758
1402,7,2759
187,2,2759
2706,0,2760
480,3,2761
64,0,2761
4257,1,2762
753,4,2762
2654,0,2762
2883,3,2763
4669,3,2764
3699,0,2764
724,3,2766
4645,3,2766
911,0,2766
2388,0,2767
3640,0,2767
1196,0,2767
1425,0,2769
579,0,2771
2651,0,2771
1851,0,2771
3356,7,2772
122,0,2772
1291,0,2772
925,0,2773
54,0,2773
1481,6,2775
1722,2,2776
4311,0,2776
2753,3,2777
4263,7,2777
3418,2,2778
3951,0,2778
2414,2,2778
1109,7,2778
1720,6,2779
80,0,2779
2098,0,2779
2090,0,2779
2413,0,2780
945,0,2780
2050,6,2782
1223,2,2782
597,6,2782
3625,0,2782
4241,3,2783
3466,3,2783
82,4,2785
4995,7,2785
222,2,2786
2460,5,2786
3062,7,2788
3204,0,2788
398,6,2789
3166,1,2791
3474,7,2791
91,0,2793
4833,3,2794
3534,3,2794
1592,2,2794
3675,0,2794
3459,6,2795
2383,3,2798
1603,2,2799
1236,0,2799
512,0,2799
1139,7,2800
540,3,2800
3317,5,2801
265,3,2801
4333,0,2801
581,1,2803
3516,1,2803
1351,1,2805
3742,6,2805
617,6,2806
27,0,2806
29,0,2806
3691,0,2806
1493,3,2807
4136,0,2807
1890,2,2808
1999,3,2808
1893,2,2808
3479,6,2809
4867,0,2809
3734,0,2809
4762,6,2810
776,6,2810
4741,0,2810
3072,0,2811
2139,0,2811
345,6,2812
4816,0,2812
3059,2,2813
2564,0,2813
3027,6,2814
2348,2,2815
1958,2,2815
3399,4,2815
1095,0,2818
2463,3,2818
1252,0,2818
3690,7,2819
734,5,2819
211,0,2819
3687,0,2819
984,6,2820
2325,3,2820
2880,2,2821
3218,0,2821
1333,0,2821
370,0,2821
4838,0,2821
2542,1,2823
2618,0,2825
4860,0,2825
4530,0,2825
3707,0,2825
4023,0,2825
2551,7,2826
4100,5,2828
3269,6,2828
3496,6,2830
4937,2,2830
25,7,2833
2057,2,2835
4032,5,2836
1124,3,2837
1535,7,2838
2328,3,2838
2657,5,2838
2987,0,2840
4697,0,2840
1369,0,2840
3735,0,2841
3047,0,2841
1917,0,2841
1743,0,2841
977,6,2842
3126,0,2842
2900,0,2842
4855,6,2843
4940,7,2843
4777,1,2845
4169,1,2845
3050,2,2845
2771,2,2848
1005,0,2848
3151,0,2848
1265,2,2849
530,2,2849
1562,2,2850
677,7,2850
4308,5,2850
2989,6,2850
249,6,2851
466,4,2851
1406,2,2851
318,0,2853
1430,0,2853
155,2,2854
1465,7,2854
3535,3,2854
239,6,2855
4290,1,2856
1859,1,2858
1618,7,2859
528,0,2859
2765,0,2859
4348,0,2859
68,3,2861
3857,0,2862
692,0,2862
1415,0,2862
4208,6,2863
4576,4,2863
1920,0,2864
175,0,2864
4370,0,2864
3113,0,2864
109,7,2865
252,2,2866
4720,1,2866
4758,0,2866
4871,6,2867
854,3,2867
2884,0,2867
1619,0,2869
349,0,2869
2423,7,2870
2287,6,2870
3175,5,2872
738,0,2872
2046,0,2872
4963,2,2873
1034,0,2873
3615,0,2875
4609,3,2876
915,4,2877
3960,3,2878
4597,7,2878
958,3,2879
2396,0,2879
121,0,2879
3002,0,2879
394,0,2880
4430,0,2880
1508,2,2880
2710,7,2881
4305,5,2881
1423,0,2882
2608,2,2882
1393,2,2883
328,2,2884
2523,2,2884
272,7,2885
4206,1,2885
2379,0,2885
2192,2,2886
2852,0,2886
2630,0,2886
1172,0,2887
1997,0,2887
3224,0,2887
4359,0,2890
2372,0,2890
2385,0,2890
843,2,2892
392,7,2892
4623,0,2892
4552,0,2892
4448,7,2893
1466,0,2893
18,1,2894
1694,6,2894
2664,0,2895
832,0,2896
4565,0,2896
884,2,2897
684,1,2897
191,0,2897
3348,6,2902
2704,0,2902
3896,6,2903
2658,7,2903
1071,0,2904
1209,0,2904
2747,5,2905
267,2,2906
4614,1,2906
1448,0,2907
2812,0,2907
3076,2,2908
1662,2,2908
948,7,2908
1149,0,2908
3207,0,2909
11,6,2909
3258,0,2909
136,6,2910
4310,0,2910
3037,0,2910
962,0,2911
298,0,2912
2916,0,2912
1288,0,2912
2366,3,2913
4009,7,2913
4155,2,2915
4827,6,2915
941,1,2917
4217,3,2917
1037,3,2918
1138,0,2918
896,7,2919
2375,0,2920
3832,0,2920
3336,0,2920
1177,0,2921
1942,5,2921
672,3,2921
1557,0,2921
3887,7,2922
4513,0,2922
3078,0,2922
403,0,2923
2776,0,2923
1980,0,2924
4846,7,2924
3519,1,2924
221,7,2924
3382,3,2925
2751,0,2925
3426,6,2926
768,2,2928
3592,2,2928
1002,2,2929
4339,7,2929
3517,7,2933
1042,0,2933
1343,0,2933
1584,0,2933
993,2,2934
4761,0,2934
308,0,2935
4562,0,2935
1546,0,2937
1728,0,2937
1234,2,2938
2610,3,2938
3907,5,2938
2708,2,2939
1074,0,2939
4219,0,2940
638,0,2940
4452,6,2941
4550,0,2941
2949,0,2941
1016,6,2942
476,6,2942
3309,0,2943
4671,0,2943
1945,0,2945
4729,0,2945
3891,2,2946
3329,5,2946
3132,3,2946
2228,0,2948
3421,0,2949
4041,0,2949
117,0,2950
4174,2,2951
2434,7,2951
1328,7,2951
3508,6,2951
70,7,2954
1654,0,2954
2198,0,2954
1986,6,2955
4063,0,2957
3414,1,2957
2377,0,2957
1991,6,2958
1118,0,2958
3494,0,2958
3859,7,2959
2688,0,2959
3822,6,2960
4782,0,2960
1639,5,2962
2207,0,2962
4480,0,2962
425,6,2964
2227,2,2964
255,6,2964
3939,0,2964
4578,0,2968
3976,0,2968
1761,0,2969
1119,0,2969
1590,0,2969
4073,0,2970
827,0,2970
2331,0,2970
3648,2,2971
1677,6,2972
1643,0,2972
585,6,2972
4441,3,2973
3264,2,2974
4625,3,2974
3611,1,2974
983,0,2976
4722,0,2976
2603,7,2977
4742,5,2977
2791,0,2977
2808,3,2978
3917,7,2978
4616,2,2979
2488,0,2980
2126,0,2981
4021,1,2982
814,0,2982
2943,0,2982
4035,0,2982
1324,7,2983
1682,0,2983
2952,7,2985
2041,0,2985
2959,0,2985
4090,6,2986
4173,0,2986
2742,2,2988
3833,0,2988
4405,0,2989
1667,6,2989
864,0,2990
5,5,2991
13,6,2991
1564,0,2993
1396,0,2993
3430,0,2993
3893,0,2993
261,6,2994
1283,1,2994
4212,3,2994
4291,2,2997
4748,5,2998
2073,2,2998
2210,0,2998
1221,0,2999
2127,7,2999
3860,7,3000
1795,7,3004
4253,2,3011
741,2,3029
1549,1,3048
2560,0,3048
4657,7,3050
2944,6,3064
3438,2,3064
2665,2,3074
790,0,3074
2766,3,3096
1179,7,3111
4294,3,3112
4519,6,3117
4053,1,3126
4503,0,3129
2539,5,3130
4537,3,3130
2427,5,3138
4406,1,3139
587,7,3154
225,0,3155
1773,6,3155
400,2,3156
4268,0,3160
3727,7,3161
1397,2,3162
4522,6,3163
184,2,3164
79,0,3165
1468,6,3171
3520,3,3174
1815,1,3175
4589,0,3176
4195,2,3177
2249,2,3184
1596,2,3189
4703,2,3191
750,4,3192
1025,2,3193
86,3,3194
1751,3,3195
2007,1,3196
4751,5,3197
4335,5,3198
3678,7,3199
1519,0,3200
3659,6,3200
3587,7,3468
3148,0,3469
2216,6,3470
2963,6,3485
3902,0,3486
1052,2,3502
2655,0,3503
1856,3,3513
4796,1,3514
3024,7,3516
2357,2,3517
3912,4,3518
3873,3,3519
3285,3,3520
408,5,3521
1984,6,3522
343,1,3523
274,5,3524
2662,2,3785
1309,7,3796
590,0,3797
525,6,3798
1065,7,3799
1523,0,3800
1567,0,3801
146,2,3802
4285,0,3803
2939,6,3803
956,3,3804
593,1,3805
4434,2,3806
2843,7,3807
1233,4,3808
2772,3,3809
4095,6,3810
4397,0,3811
560,3,3812
1018,5,3813
1459,1,3846
2444,0,3922
4192,5,3923
4193,7,3924
2687,2,3925
457,7,4153
4097,0,4154
4377,2,4155
2392,0,4156
2762,3,4158
3110,6,4159
2565,1,4191
1069,2,4227
1133,0,4228
731,6,4229
1930,3,4230
3552,0,4231
2347,2,4232
1225,1,4233
3573,7,4234
3986,5,4235
2707,7,4260
4767,0,4528
4536,6,4529
3267,1,4530
1304,3,4531
3987,2,4591
4046,2,4827
4730,6,4828
2022,0,4829
381,7,4905
4580,3,4906
2853,1,4907
800,0,4908
2553,5,4978
1030,6,4979
4813,3,4980
200,1,4982
4960,2,4983
4901,2,4984
4927,6,4985
3282,0,4986
4436,7,4987
1512,0,5291
3242,5,5292
60,1,5293
878,3,5294
3737,6,5295
1844,3,5296
4504,1,5297
860,2,5298
490,2,5299
1012,6,5300
2189,0,5301
1981,7,5302
1116,7,5302
1894,0,5535
2972,5,5535
1399,6,5645
1698,3,5646
717,2,5647
796,1,5648
1308,2,5728
2284,6,5729
3954,0,5730
1313,7,6078
2389,0,6080
4321,5,6142
45,6,6143
3095,3,6144
2476,2,6145
611,1,6146
3782,2,6147