76,0,0
147,2,0
2184,0,0
3894,0,1
2084,2,1
1039,6,2
4280,0,4
3094,7,5
1217,2,5
3795,2,6
994,3,6
3733,1,6
217,2,7
1126,0,9
2727,5,10
1032,0,11
1697,3,13
2078,7,13
4158,1,13
4236,3,16
646,1,16
3844,6,16
2486,3,16
3083,2,16
2324,0,18
2748,0,24
1525,7,27
250,0,27
1262,4,27
3983,0,28
2774,3,31
2200,3,31
3906,2,31
3290,0,32
4016,3,32
1554,0,38
4931,6,38
693,7,38
2554,1,38
2867,2,39
1820,1,39
3568,7,42
1483,6,43
4678,1,43
3392,5,44
1759,6,44
4905,0,49
132,6,49
207,2,49
1226,6,49
4468,0,49
338,0,50
2211,0,50
960,6,51
1464,2,51
4346,0,51
3432,2,51
3900,2,52
4679,2,52
2540,7,53
669,7,57
1641,3,58
3333,1,58
1825,3,58
3910,1,60
798,1,60
2887,2,60
10,7,61
783,1,61
4778,0,64
362,1,64
2736,3,64
4132,0,64
4204,7,65
1341,0,65
1490,1,65
2455,3,65
3709,0,66
1007,7,67
397,4,67
758,0,68
998,7,68
4535,6,71
4443,7,74
4736,6,74
90,6,76
4760,2,76
4870,6,76
1750,5,77
4011,3,77
2440,3,77
2819,3,78
1974,6,78
1103,6,79
1437,0,80
301,2,81
863,1,83
1457,1,83
4566,0,85
1085,1,87
43,2,89
456,5,89
2558,2,89
4394,3,90
2661,2,90
2297,0,92
3597,3,96
1267,4,97
3895,2,99
661,0,100
2941,6,100
4925,5,101
4673,1,101
4745,2,102
3116,2,102
3401,2,102
3522,7,103
2971,2,103
315,7,103
3055,6,103
477,5,103
1474,0,106
4391,2,106
2842,4,106
1271,0,109
2307,6,109
4603,2,110
4080,7,111
334,7,111
785,1,111
2104,7,113
3096,3,113
3930,3,113
1216,1,113
461,7,113
2996,0,115
1338,7,115
1143,3,115
3558,5,116
3879,2,118
3350,5,121
1317,5,122
4114,5,122
1110,3,123
3679,2,124
703,5,125
4586,6,125
4378,6,127
2829,4,127
663,0,129
322,6,129
4531,0,129
281,2,129
1289,3,129
4178,2,131
4721,2,131
4079,0,131
2968,1,132
1982,7,134
903,1,134
159,2,134
2910,0,137
3772,2,137
2702,6,137
3147,7,137
2417,5,137
1595,5,140
3167,7,142
3268,2,143
2217,2,143
2349,1,147
153,5,147
3011,0,150
4074,0,151
3213,4,152
3644,3,154
478,2,157
4591,2,157
1651,2,157
4579,7,158
4789,7,158
3740,7,159
2314,6,160
545,2,160
2146,1,161
26,2,162
1884,3,162
1580,6,162
294,7,163
3169,2,163
169,6,163
2390,7,163
2893,1,163
937,5,165
2487,0,166
4502,0,166
4518,6,166
3784,6,166
1950,2,168
100,1,168
2697,1,168
1560,0,172
2907,6,172
124,3,172
3748,2,173
2624,1,173
1943,7,175
4773,1,175
4869,2,175
4934,7,177
1709,0,178
1046,2,178
880,0,178
2740,0,179
287,4,182
1314,0,183
3017,2,183
2164,5,185
4276,0,185
4028,1,185
1150,1,186
2121,3,186
2844,5,187
2726,6,187
4890,0,188
4002,3,188
1602,5,189
1555,6,189
4887,0,190
643,2,191
73,4,191
2782,2,192
2796,3,192
4541,2,192
1717,5,193
4398,2,193
1977,6,195
850,0,196
2768,7,197
4030,3,197
4259,3,198
3658,5,200
583,5,200
3174,5,204
494,0,204
1323,2,205
1078,7,207
1184,4,208
367,0,209
1669,1,209
4096,1,209
1729,1,210
1842,0,211
1156,7,211
3192,5,211
797,0,211
2176,6,213
1374,6,213
2330,0,214
1416,0,214
2147,0,214
246,7,214
4463,2,215
2811,2,215
3860,0,215
2159,2,216
1598,0,218
4803,6,218
4464,7,218
3586,2,219
3014,3,219
4637,7,221
4798,2,221
4313,1,221
1751,3,221
2035,0,230
3490,0,233
4555,2,233
2879,6,233
1773,4,233
4933,0,234
2953,3,235
2571,0,235
3345,5,236
2637,2,237
2642,2,238
1348,3,238
1747,5,239
4024,6,239
1801,0,240
1260,0,241
619,2,241
3381,2,242
3034,6,242
1542,2,245
4142,0,245
423,2,245
335,0,245
3979,2,246
2992,3,246
1888,7,247
4797,2,251
337,3,251
49,1,251
2398,2,252
114,2,252
4790,7,254
4916,3,254
2409,5,255
3916,3,255
802,6,256
2841,6,256
4042,0,256
3289,1,257
1802,2,258
2416,5,259
1227,2,259
3155,0,262
1789,6,262
2466,0,264
4765,3,264
3848,1,264
3862,2,265
2026,2,265
3165,0,265
1544,2,266
668,7,267
2995,0,268
2728,6,268
1876,1,270
4832,0,270
149,6,270
2206,3,275
1391,7,275
4810,5,278
3156,5,278
3188,5,278
3830,5,279
1064,5,280
3970,5,280
749,2,282
2233,6,282
339,2,284
4906,2,284
417,0,284
892,0,286
3814,1,286
1879,2,288
810,2,288
3457,2,288
1766,7,290
3308,2,290
1220,3,290
2404,7,290
47,0,292
105,1,292
4672,6,292
1169,7,293
4287,0,293
435,2,294
2535,6,294
3473,7,297
2352,2,299
4808,6,300
2027,0,302
4008,6,302
4127,7,302
3161,5,302
2467,0,302
2849,2,303
405,0,303
4973,6,303
3593,5,305
782,0,306
2157,2,306
954,0,306
4749,0,306
171,0,308
927,3,309
1292,2,310
4349,0,311
4742,0,311
2202,1,313
230,2,316
3039,0,317
4719,0,319
402,5,321
182,6,322
1965,2,324
3351,2,324
3146,0,324
61,2,324
4753,2,325
1487,7,326
4873,6,326
462,0,328
201,0,328
67,0,331
1158,0,331
4500,0,332
1741,1,332
4959,2,333
291,2,333
808,7,335
4981,3,335
1276,2,337
2838,7,337
4821,2,337
1189,6,337
1238,6,341
3104,2,341
2294,5,341
3245,2,342
2453,6,342
1102,0,345
118,5,345
805,2,346
264,6,346
2621,1,349
113,2,349
3053,7,351
489,1,351
3627,3,351
2400,0,351
2911,2,352
2792,5,357
3765,6,357
2917,5,358
3815,0,358
3259,0,358
368,6,359
4592,5,359
986,6,359
2676,5,359
2652,7,361
2606,0,361
766,2,362
683,0,362
2371,0,365
1990,0,365
4409,0,365
922,0,366
4194,2,366
2641,6,366
3752,2,367
1925,1,367
3024,5,367
1243,5,369
3190,0,370
4650,0,370
3428,0,370
1387,0,371
4978,6,372
2945,3,372
2766,6,372
2024,7,373
4724,7,373
4455,5,373
931,0,373
2948,0,374
4953,5,374
293,0,375
1748,0,375
2807,2,376
1411,7,376
2267,2,377
552,7,377
3613,0,377
3730,2,378
2332,6,378
1001,1,379
3500,0,380
4131,5,380
2894,0,380
16,2,381
4411,0,381
2061,0,381
2181,3,382
2646,3,382
3280,0,383
2872,0,383
3202,7,384
3915,1,385
554,6,385
2529,0,386
3249,0,387
408,0,387
3299,3,388
1463,7,389
4982,0,389
1065,7,389
4676,2,392
1197,0,393
987,0,393
3431,0,393
1250,6,394
455,2,395
3136,2,395
1152,6,396
1634,5,396
1675,0,398
3450,0,398
1145,1,399
4506,6,399
3747,0,400
4538,0,400
358,0,400
4955,2,401
3829,0,401
2248,2,402
4427,0,402
3082,3,403
704,0,403
873,0,403
1035,0,403
1127,0,404
3683,0,404
2999,0,405
608,2,405
1294,5,405
1719,3,405
302,1,406
2617,1,406
1246,7,410
1575,7,410
1484,0,411
3566,6,412
37,0,412
3133,3,414
404,0,414
2638,7,417
3349,5,417
3236,0,417
3109,1,419
2469,1,419
2760,0,420
1108,0,420
389,0,420
4735,1,422
2615,2,423
599,0,423
2830,5,424
4693,1,424
4799,2,425
4675,7,426
1160,0,426
1364,0,426
3564,0,427
1852,1,427
3302,0,427
2803,0,427
125,6,428
4649,7,428
4153,6,428
3183,0,429
2901,0,430
3398,3,430
3363,0,430
288,0,430
2056,1,431
365,0,431
2288,0,431
2985,0,431
4619,3,432
3529,2,433
3070,0,434
1418,6,435
441,2,435
2793,6,437
4340,1,437
2001,2,439
1732,0,439
2178,0,440
1663,6,440
71,0,440
3937,0,440
2785,0,441
4494,5,441
2979,6,441
3866,7,444
4225,7,444
644,0,445
1407,0,445
17,0,446
1545,7,447
2229,0,447
3114,2,448
1355,5,448
1372,6,449
1475,0,449
889,0,449
1657,3,450
1591,2,451
1438,2,451
1779,2,453
728,0,453
450,0,453
2575,0,453
1357,0,453
1337,2,454
1161,0,454
553,2,455
163,1,456
195,0,456
750,7,456
3728,0,457
3631,0,458
2797,0,458
1497,1,460
500,2,460
4316,2,461
4407,3,461
820,0,462
4355,0,462
4815,2,463
2067,0,463
1187,5,463
688,7,465
1476,6,467
3388,0,467
4475,0,468
3089,0,468
4590,0,468
235,6,469
1828,2,469
560,6,469
2271,0,469
2836,5,470
3018,0,471
855,0,471
532,1,472
757,1,472
2579,0,473
3685,0,473
2478,0,473
1072,0,474
4865,2,475
2304,0,475
3460,2,475
4489,2,477
2607,0,478
310,0,478
1354,0,478
4814,2,479
3343,0,479
2270,0,480
426,0,480
1426,0,480
3463,7,481
1377,1,483
3531,3,484
3478,2,484
2454,0,484
1615,0,485
2130,6,485
2671,0,485
518,3,486
1400,0,486
3768,2,488
569,0,489
1021,1,490
1551,0,490
366,7,491
2091,4,492
4444,2,492
1769,0,493
4547,0,493
4879,2,494
2675,0,494
3560,5,495
574,0,496
1202,4,496
2494,5,496
168,1,497
3008,3,498
3754,2,499
1609,2,499
3346,5,499
1891,3,500
4644,6,501
2567,0,501
4354,1,503
4840,7,505
2543,3,505
4588,0,505
3846,1,506
1359,0,506
3303,0,506
3475,7,507
4410,2,507
2718,2,508
44,0,509
4423,0,510
4993,0,511
445,0,512
2878,0,513
3868,0,513
2141,0,513
4437,2,514
1247,1,514
2931,2,514
3817,4,514
2683,2,518
3945,0,518
219,2,518
3996,6,519
1258,3,519
4575,0,519
879,0,520
3232,2,521
1829,6,522
3044,7,522
2337,0,522
448,0,522
2464,1,524
3831,4,524
3238,0,524
3881,0,524
1088,0,527
715,5,529
2322,3,530
2358,1,531
3279,0,531
2158,0,531
1077,0,532
1613,0,532
4439,1,533
2086,2,533
4022,5,533
138,4,536
3067,0,536
3396,0,536
3005,4,538
1695,0,538
2965,2,540
3255,0,540
2915,0,540
4067,0,540
3270,0,541
4713,3,541
4084,0,541
3607,3,541
319,3,543
413,1,544
3243,0,545
2951,6,546
1526,2,547
2986,0,547
2592,0,548
2882,0,548
4738,0,548
4632,0,548
2321,7,549
4484,7,549
1647,2,550
4653,2,550
4848,0,552
4699,0,552
1812,3,552
3125,3,556
3292,3,556
4326,7,557
1871,1,558
4220,2,558
2932,5,558
444,3,558
2281,0,561
632,0,561
3395,0,561
313,0,562
4128,4,562
3427,0,563
3575,0,563
1342,2,564
2422,2,564
1783,7,564
2362,2,566
1218,1,566
97,6,567
2262,6,567
1090,0,568
1620,0,570
2424,1,571
1153,6,572
3642,1,572
4332,2,575
607,0,575
2889,6,575
3849,0,575
2934,0,575
438,0,575
2113,1,576
1186,1,576
3664,0,576
799,4,577
4371,0,577
4605,0,578
4250,3,578
1368,6,579
2692,3,580
4160,0,580
4859,0,582
3512,2,582
15,0,584
1714,0,584
2017,0,584
3541,0,585
3353,0,585
2550,0,585
3778,1,587
1401,1,587
4829,7,588
2296,0,588
4300,3,589
924,7,589
2605,1,589
203,2,589
439,2,592
4404,1,592
2625,0,593
2426,0,593
1215,0,593
1093,5,595
3293,0,595
1711,6,596
1024,0,596
2810,2,596
4975,0,598
3731,6,598
2168,0,599
640,1,600
3324,0,600
841,2,601
2256,7,601
905,0,602
4903,0,602
1752,1,603
4737,2,603
2117,0,603
1646,3,604
422,0,604
511,0,604
4631,0,605
4108,0,605
732,1,606
3823,7,606
3572,3,606
2920,4,610
4668,0,610
1435,2,611
1915,0,611
4863,2,613
2725,6,613
4556,0,615
4928,0,616
258,2,616
934,1,617
4238,2,619
4759,5,619
3180,5,621
3791,5,621
4548,6,623
4183,0,623
4258,0,624
1804,1,625
4456,0,625
3404,0,625
375,6,626
1916,5,628
1768,0,629
2456,0,629
2111,0,629
2814,0,629
3433,5,630
2172,1,631
4197,5,631
359,7,632
2232,1,632
605,0,634
3045,2,634
3677,3,634
4399,3,635
1173,6,637
2958,6,637
1269,1,637
4284,2,639
253,2,639
3361,0,639
3839,2,640
1272,0,641
111,0,641
4896,0,642
714,0,642
641,0,642
1083,1,644
196,4,644
2092,6,646
1460,3,646
4264,2,647
2711,0,647
2300,2,649
380,2,649
3300,1,649
519,0,651
536,5,651
3942,0,651
3693,0,652
1056,6,652
932,0,652
772,0,653
1956,0,653
3614,0,653
549,5,654
3099,0,654
946,0,654
1960,5,657
1702,0,657
467,3,657
1708,3,658
3670,6,659
3835,2,660
3257,7,661
1122,2,662
3610,7,662
828,0,662
1027,0,662
3537,0,664
35,5,664
2904,4,664
2498,3,664
3576,0,665
1898,0,666
1285,0,666
4288,0,666
3298,0,666
1539,0,667
3101,0,667
944,0,667
3913,0,667
2016,7,668
3798,0,668
1376,3,669
851,3,669
232,0,669
1017,7,670
1176,0,670
3518,0,671
1239,0,671
637,2,672
3004,0,672
3400,0,675
1261,1,676
1004,1,678
2279,0,678
1419,0,678
4172,0,678
2445,6,680
3477,2,680
2201,5,680
1973,0,680
4275,7,681
2452,0,681
2336,6,681
2902,7,681
4402,1,681
151,2,682
3313,0,682
1410,6,682
2215,0,683
870,0,686
2407,0,686
420,1,687
686,7,687
1075,0,688
3470,0,688
449,0,688
3497,7,689
794,0,689
538,0,689
4017,2,691
3988,0,691
719,0,691
2301,3,693
514,0,693
2501,4,694
498,0,694
385,2,695
4146,2,695
904,0,697
4143,5,697
3177,6,699
36,3,699
1068,3,699
347,0,702
2580,0,702
1566,2,704
4215,0,704
4255,2,704
4347,3,706
3429,0,706
4075,0,707
4388,6,708
1111,0,708
1665,0,709
3334,5,710
2341,3,711
3628,0,711
2305,6,712
1210,0,712
1175,1,713
1468,1,713
4918,0,713
3195,7,714
429,7,714
2798,7,714
1191,0,714
4265,2,715
2275,2,715
2034,0,718
4224,0,718
3523,0,718
4098,2,720
2105,5,720
1193,7,720
1786,2,720
1516,1,723
1666,0,723
3888,0,723
316,2,724
3639,0,724
342,0,724
4164,0,724
1194,5,725
1051,5,725
2957,2,727
592,2,727
1370,6,727
2861,0,728
3262,2,729
2653,0,729
3711,0,729
3081,4,730
2019,7,730
1833,7,730
4306,6,731
274,1,732
2179,6,733
606,7,733
1726,0,733
2809,0,733
2629,0,734
3926,5,735
1105,0,735
3124,7,736
3931,0,738
4924,1,738
2077,3,738
3209,0,738
453,2,740
2773,0,740
1340,2,740
586,3,740
548,2,741
3495,0,741
2988,2,742
1381,5,742
3598,0,743
1947,0,745
4716,0,745
4610,0,745
3948,0,745
85,0,746
4868,5,746
4270,2,746
4985,3,749
2870,3,749
1933,5,749
4078,6,751
1022,0,751
1832,0,752
4445,3,754
4910,0,756
4247,0,756
2763,0,756
3030,0,756
625,0,756
2930,0,757
3617,2,759
751,0,759
845,0,759
3804,0,759
2935,4,761
3434,2,762
2320,3,762
3602,0,762
3636,0,762
4297,0,762
1181,7,764
2132,7,764
3386,4,764
1488,2,764
3865,6,767
2825,6,769
3959,7,769
543,6,769
4527,5,769
2503,0,770
78,4,770
4338,7,772
1251,7,772
4266,7,773
742,2,774
3720,7,775
3205,3,775
23,0,775
2860,0,775
3476,6,776
2180,1,776
1299,0,776
4083,0,776
3273,6,777
4655,7,777
3010,2,778
4717,0,779
3358,2,779
1237,0,779
2832,0,779
1954,0,780
83,0,780
454,2,782
4105,0,782
4677,6,782
14,5,783
254,0,783
907,7,784
1278,0,784
170,0,784
4181,0,784
2614,2,786
1955,0,786
120,2,786
278,2,789
3545,0,790
4747,0,790
4694,0,790
446,0,791
4517,2,793
1617,7,794
4072,0,794
3850,0,794
4600,0,795
2428,2,796
2499,0,797
1154,0,797
748,0,797
3131,0,799
1629,0,800
3379,0,800
3978,0,801
503,0,801
1094,0,802
3160,0,803
1810,0,803
631,0,804
1101,0,804
3032,0,805
3708,0,805
4884,0,806
40,0,806
1905,0,806
3543,0,807
2049,0,807
3992,0,807
3841,0,807
760,2,809
3762,7,809
3411,0,809
229,3,809
4176,0,811
1692,6,811
1818,5,811
1869,7,812
4227,3,812
556,0,813
4596,0,814
906,0,814
84,0,814
1963,0,815
3779,0,815
914,0,815
4828,0,815
51,0,816
1792,2,817
1300,0,817
4878,0,817
2374,4,818
2074,3,819
1506,0,819
2223,2,821
4577,5,821
2905,6,822
2470,6,822
2713,0,823
1889,2,824
3821,0,825
4070,0,825
3481,0,827
4189,0,827
2966,0,827
131,6,828
1277,0,828
3288,0,828
1107,0,828
4110,0,828
710,2,829
4005,2,829
2719,3,829
1922,3,829
4811,0,831
3953,0,831
3935,1,832
4171,7,832
1537,0,832
1248,0,832
3341,0,832
4408,5,835
4036,0,836
3501,0,836
262,5,836
1713,0,836
1784,2,837
1846,0,837
1817,7,840
871,0,840
2660,0,840
4243,2,843
913,2,843
2021,0,843
4112,0,843
4428,2,844
2381,6,844
650,2,844
4604,2,845
3826,2,845
3928,6,846
2982,7,846
144,0,846
4662,0,847
2150,0,847
1563,7,848
2401,5,849
2730,5,849
1628,1,850
2827,3,850
186,0,851
3187,0,851
192,0,852
4780,0,852
2484,0,852
4926,2,853
3503,0,853
38,0,853
3871,0,853
3546,3,854
1009,0,854
2588,0,854
3569,6,855
1855,2,855
372,3,856
259,0,856
495,0,856
4179,6,857
788,3,857
3990,0,857
4912,7,858
1552,7,859
4156,0,859
386,6,859
4979,1,859
2813,5,859
594,3,861
4057,3,862
2507,0,862
4061,0,862
1061,0,862
4812,0,862
4312,2,864
1087,6,864
1541,4,865
935,0,866
3729,0,866
2100,0,867
4636,7,867
1957,7,868
1325,2,869
3659,2,869
1417,0,872
81,0,874
1607,0,876
2963,7,876
838,0,878
499,2,879
3337,0,879
720,0,880
3912,2,882
1284,0,884
2536,0,887
2474,0,887
1753,3,888
3994,0,888
3710,1,890
2856,6,891
3465,2,891
3750,5,892
4544,7,894
2555,6,894
3176,7,894
2850,5,900
1316,0,900
1521,1,900
295,0,901
3956,3,901
324,0,901
3403,0,902
1689,0,902
4329,0,902
877,6,903
3766,3,903
3073,4,903
2739,3,903
4337,6,906
4954,3,906
1195,2,907
3967,0,907
3305,0,908
3559,0,908
2500,0,908
3780,0,908
3760,0,911
197,0,912
2219,0,912
4071,0,913
2790,0,913
1572,0,913
4081,0,914
2526,7,915
3214,0,915
2914,0,916
3006,2,917
3700,0,919
3567,0,919
1594,0,920
1579,1,921
613,3,921
562,0,922
3154,6,923
8,0,923
4523,6,923
2311,2,923
868,5,926
1523,1,926
472,0,926
527,0,926
470,3,927
3274,0,927
3304,0,927
3665,0,927
4004,6,928
2406,0,928
2129,4,929
4763,0,930
3853,7,930
3012,5,930
2195,2,931
4309,0,931
561,0,931
3812,5,931
2482,2,933
3472,3,933
4166,5,933
515,5,936
1758,6,937
2465,0,937
4205,0,938
4824,5,938
3462,7,940
4607,0,940
2361,2,941
2681,3,941
678,0,942
2066,3,942
3554,0,943
2822,0,943
2458,5,945
1660,5,945
3149,0,945
3250,0,945
2070,0,946
1200,0,946
3874,0,946
4186,0,946
2166,6,947
3626,5,947
1610,3,949
1472,0,951
920,0,951
566,0,951
1350,4,952
3179,6,955
3771,0,955
3645,0,956
3425,6,956
2716,7,959
4661,0,959
3813,3,959
2080,0,959
3542,0,960
3467,0,960
4097,0,962
4086,0,962
4646,0,962
3275,0,963
3694,2,964
4986,0,964
1310,2,966
4420,5,966
1582,4,967
4317,0,968
3921,0,968
916,5,969
609,7,970
1010,0,970
4459,0,972
350,7,972
3482,0,972
4688,3,973
2075,3,974
4964,3,974
3342,3,975
1473,0,975
2312,3,976
2170,3,976
2033,5,978
2162,6,978
2689,0,979
3444,2,981
2263,0,981
923,6,983
3842,0,984
1362,2,985
1104,2,985
1863,7,985
3903,6,985
2169,4,988
2640,0,989
1203,5,990
2690,0,990
2628,0,990
2737,0,990
691,0,990
713,0,990
22,6,991
1082,4,991
1008,2,992
2225,3,992
69,7,993
727,3,993
4524,0,993
4279,4,994
4525,0,994
34,0,995
947,0,996
1899,0,996
401,0,996
3092,0,997
1988,6,997
4701,0,997
4473,5,998
2354,5,998
821,6,999
779,3,999
2419,6,1000
3577,0,1000
3447,1,1001
4382,0,1002
3127,0,1002
2447,0,1002
2712,0,1003
1703,0,1003
4606,7,1005
3824,0,1005
940,5,1006
1985,0,1006
2437,0,1007
1171,0,1007
3464,0,1007
1003,7,1008
3649,0,1009
1379,4,1009
4077,5,1009
652,2,1010
1461,6,1010
373,0,1010
4567,0,1010
4732,5,1012
4262,2,1012
4728,0,1012
1361,0,1012
1478,0,1012
3605,2,1013
2848,3,1013
4281,7,1014
4792,0,1014
1427,0,1014
664,0,1015
1765,0,1015
1827,0,1015
1645,1,1017
2600,0,1017
716,0,1018
2109,6,1019
696,3,1019
303,0,1019
1858,0,1020
4980,0,1021
2864,0,1021
1245,0,1022
2937,5,1022
2590,0,1022
819,3,1023
3164,7,1023
4228,0,1023
786,0,1023
3538,6,1025
4836,4,1025
1131,7,1027
852,0,1029
1896,0,1029
4842,5,1032
4064,5,1032
3502,0,1034
1495,0,1034
712,6,1035
3311,7,1035
1345,5,1037
4689,2,1038
699,2,1039
2239,2,1039
803,0,1039
4037,7,1040
2446,6,1040
1678,7,1040
2866,0,1042
2695,0,1044
3185,0,1044
2257,0,1045
1413,0,1045
198,0,1046
172,0,1046
3237,1,1047
4474,7,1047
3581,7,1048
2064,2,1049
1849,5,1049
3609,1,1051
3885,0,1051
4714,0,1051
4068,2,1052
4929,4,1052
134,3,1052
3852,4,1052
974,3,1054
4641,7,1054
2391,0,1055
842,6,1056
1776,7,1056
2038,7,1056
3442,6,1057
869,5,1058
654,3,1060
3080,0,1060
1671,0,1060
327,0,1061
431,5,1061
746,0,1061
4254,7,1062
2317,0,1062
1086,0,1062
3650,0,1063
1120,0,1063
3402,0,1063
697,6,1064
2429,4,1064
2218,0,1064
3547,3,1065
24,5,1065
2705,0,1066
4082,3,1067
3588,0,1068
2492,0,1068
3551,1,1070
3246,0,1071
978,2,1071
4875,0,1071
966,7,1072
3485,0,1072
2923,0,1072
2824,2,1073
1586,2,1073
3997,1,1073
780,3,1074
1589,7,1075
1480,7,1076
4881,0,1076
3448,6,1077
2940,0,1077
1352,5,1077
4466,6,1077
2002,1,1077
657,4,1080
4497,7,1080
4998,6,1081
2699,3,1081
665,0,1082
2511,5,1082
2044,0,1083
3801,2,1084
1279,1,1084
975,4,1084
4711,7,1085
1693,0,1086
3933,0,1086
4795,1,1087
273,7,1089
2888,7,1089
3969,6,1091
344,0,1091
3825,3,1092
4135,0,1093
973,0,1094
2152,0,1094
1496,2,1095
3206,0,1095
4880,7,1096
2833,0,1097
2693,7,1097
3840,1,1097
575,0,1097
2577,5,1097
2427,2,1100
1347,2,1102
2611,0,1103
2083,2,1103
3069,0,1104
507,6,1104
1206,4,1105
2048,5,1106
1344,4,1106
4743,2,1108
2495,7,1108
546,0,1109
1100,6,1112
3368,1,1112
875,0,1113
1208,0,1114
4069,2,1117
3391,0,1117
406,0,1117
3682,6,1118
4537,5,1118
1390,0,1118
4922,0,1118
351,0,1118
4360,2,1119
1992,3,1119
2274,3,1120
4627,0,1120
848,6,1121
2922,3,1121
1932,2,1122
4013,0,1122
1565,0,1122
447,2,1123
2472,7,1123
1979,1,1123
3763,2,1124
1909,1,1124
4510,7,1126
4851,7,1127
4213,0,1128
2144,3,1128
2875,6,1130
4663,0,1130
2258,6,1130
28,2,1131
2622,0,1131
3048,0,1132
492,0,1132
3666,0,1132
2118,5,1134
2323,5,1134
2698,6,1137
210,0,1139
2969,0,1139
572,0,1139
30,0,1139
1447,4,1140
1685,0,1140
3042,5,1141
2451,0,1141
4936,0,1141
2435,6,1142
4948,2,1142
951,0,1144
1608,5,1145
4889,0,1145
4130,0,1146
2566,0,1146
1306,3,1146
655,7,1148
390,0,1148
1568,7,1149
4245,0,1150
4396,5,1150
1286,2,1151
3877,1,1153
3254,0,1153
3723,2,1154
2,7,1154
3144,0,1154
309,2,1156
2112,7,1157
4957,0,1157
1672,0,1157
1969,0,1157
437,0,1157
233,0,1158
3025,0,1158
3137,0,1158
1298,0,1158
573,6,1159
943,6,1159
1318,1,1159
1084,7,1161
568,6,1161
3557,7,1164
4447,3,1165
3256,3,1165
1038,0,1165
2190,2,1166
1470,6,1167
3284,0,1169
1058,2,1170
4345,6,1172
1020,3,1172
4976,3,1174
297,4,1174
4511,0,1174
793,1,1175
152,0,1175
2616,0,1177
4252,0,1177
795,7,1178
4702,0,1178
1880,0,1178
3689,0,1179
3128,0,1179
4020,5,1180
3724,5,1180
3698,7,1181
3230,0,1182
517,0,1182
2840,0,1183
4571,0,1185
4379,0,1185
2272,0,1186
3869,0,1186
4094,7,1189
3357,0,1189
3897,0,1192
3854,0,1192
856,0,1193
2334,0,1193
3203,0,1194
4319,7,1195
3982,7,1195
1782,5,1195
666,2,1196
1040,6,1197
2047,0,1197
2518,0,1197
237,0,1197
3058,0,1197
4725,0,1198
193,0,1198
4520,0,1199
2686,0,1200
4532,0,1200
4209,0,1200
378,0,1201
2204,0,1201
600,0,1201
3565,0,1201
3514,0,1201
4358,0,1202
2694,0,1202
4324,7,1203
188,6,1203
3130,1,1204
4175,6,1206
2885,0,1206
1311,0,1207
1062,0,1208
2876,0,1208
1360,0,1208
4093,0,1208
3301,7,1209
2310,0,1209
2197,0,1209
1373,0,1209
3799,5,1210
4269,1,1211
2353,0,1211
867,0,1211
4152,0,1212
2919,5,1212
2154,2,1215
4151,0,1216
702,6,1217
3360,3,1217
2285,0,1219
2177,3,1219
964,0,1221
1259,0,1222
4744,0,1223
1378,0,1224
1819,0,1224
3003,0,1225
4843,0,1226
3810,0,1227
3026,0,1229
4708,1,1229
3122,0,1229
1696,0,1230
2933,0,1230
3200,0,1230
1268,0,1231
1668,0,1231
711,0,1232
3878,0,1233
3276,0,1234
2522,0,1235
623,0,1235
1404,0,1235
110,0,1236
2125,0,1237
4261,0,1238
1862,0,1238
2715,2,1239
4273,2,1239
48,5,1239
1198,2,1239
4467,7,1242
1455,0,1242
4047,3,1243
3714,3,1243
1998,7,1244
106,7,1244
1830,6,1244
1624,4,1247
1577,2,1247
4393,6,1248
3654,1,1248
1327,0,1248
3023,0,1248
3085,7,1250
4375,7,1250
176,0,1250
1976,0,1251
522,0,1251
2365,0,1251
4862,1,1252
4949,2,1253
1593,0,1255
4477,5,1256
3340,0,1256
3816,0,1256
859,0,1256
4419,0,1258
1540,0,1259
4286,0,1259
1906,0,1260
4295,0,1260
104,0,1261
1944,0,1261
2093,6,1262
2731,0,1262
1735,0,1262
3375,2,1263
928,7,1263
1144,2,1263
1231,2,1266
2045,5,1266
1066,0,1266
3306,7,1267
2800,0,1267
2000,5,1268
3043,1,1269
2134,3,1269
1047,2,1271
1712,0,1271
4116,0,1274
1967,0,1274
3749,0,1276
2858,0,1276
4457,0,1276
4334,0,1277
3115,0,1277
2128,0,1277
77,0,1278
1434,0,1278
4048,0,1279
4990,0,1279
4117,0,1279
4685,0,1279
1192,0,1279
2251,0,1280
3145,0,1280
2574,0,1280
2029,0,1281
1653,0,1283
3789,0,1283
4256,0,1283
1520,0,1284
1687,0,1284
1125,0,1284
4450,0,1286
2508,0,1287
3065,0,1287
651,0,1288
1383,7,1288
4413,3,1288
4389,3,1290
419,0,1290
2326,0,1291
2142,2,1291
1772,5,1291
3653,0,1291
3119,2,1292
1147,1,1292
2627,0,1293
4015,0,1294
3321,0,1294
1953,0,1295
658,0,1295
2537,0,1296
2863,0,1296
3619,0,1297
3007,0,1298
4244,0,1298
1502,0,1299
582,0,1299
2862,0,1300
1450,0,1300
2003,0,1300
1063,0,1302
1281,4,1302
3621,0,1302
3319,0,1302
533,0,1303
2593,2,1304
244,2,1304
2547,0,1304
2613,6,1305
285,6,1305
564,2,1306
1661,5,1306
3673,0,1307
4850,0,1307
3556,0,1308
3141,0,1309
4864,0,1313
1892,0,1313
296,0,1313
3703,0,1315
815,0,1315
4891,0,1315
926,0,1316
4163,0,1316
1441,0,1316
133,0,1318
1902,0,1318
2818,0,1318
3051,3,1319
2750,0,1320
3961,0,1320
1432,0,1321
3033,0,1321
4977,0,1322
1443,0,1322
4754,0,1322
2135,0,1323
2431,0,1323
357,0,1323
801,0,1324
3819,0,1325
1367,0,1325
2794,0,1326
3117,0,1327
4771,0,1327
32,0,1328
2120,0,1328
726,0,1328
3957,0,1328
1253,0,1329
1865,0,1330
1926,0,1330
1263,0,1331
4051,0,1332
846,0,1332
4249,0,1332
3716,0,1333
2787,0,1334
3103,0,1334
3412,0,1334
3088,0,1335
1901,0,1335
2895,0,1336
3582,0,1336
2145,3,1337
1911,3,1337
2973,0,1337
3898,5,1337
1219,2,1338
1806,6,1338
3781,1,1338
4365,3,1340
194,2,1340
3118,2,1341
4470,2,1341
2722,0,1342
4149,0,1342
1774,0,1342
311,0,1342
3536,7,1343
414,0,1343
314,0,1343
4805,5,1344
4066,5,1344
3123,0,1344
471,2,1345
3389,1,1346
4705,1,1346
4801,0,1348
3455,6,1349
3583,7,1349
4877,7,1349
2072,1,1349
2954,2,1353
4633,0,1353
256,0,1354
4526,0,1354
1843,4,1355
2205,0,1355
2299,0,1355
3704,0,1355
2108,0,1355
3211,1,1356
3226,7,1356
4574,0,1356
2188,0,1356
3950,0,1356
834,0,1356
4710,2,1357
4122,3,1357
1048,2,1357
3905,0,1358
4750,2,1358
1868,0,1358
981,7,1358
3320,0,1360
2106,0,1361
4331,0,1361
1452,0,1363
2303,0,1363
4277,0,1364
4298,0,1364
2433,0,1365
2666,0,1365
3171,0,1365
2556,2,1368
3370,1,1369
3858,1,1369
2633,0,1370
4670,3,1370
1060,5,1370
2313,6,1373
482,0,1373
1382,0,1375
4431,1,1375
3834,0,1375
2477,6,1375
3918,0,1375
4557,2,1376
520,1,1376
2402,3,1381
544,0,1381
2589,0,1381
361,0,1382
1346,0,1382
620,0,1382
452,0,1382
1214,1,1383
4237,0,1383
1949,0,1383
317,0,1383
4553,0,1385
98,5,1385
2936,2,1387
1503,2,1387
99,5,1391
4849,0,1391
2493,0,1391
4126,0,1391
231,7,1392
1389,0,1392
2143,4,1392
4807,7,1392
2563,0,1393
1948,0,1393
2133,0,1394
824,0,1396
3327,0,1397
1793,0,1398
3323,0,1398
2277,0,1399
3889,0,1399
667,0,1399
1727,2,1400
1254,5,1400
3845,0,1400
3416,0,1400
3377,0,1401
2054,2,1402
1492,0,1402
4822,0,1405
2094,0,1405
440,0,1406
331,0,1406
108,0,1407
3712,0,1407
1256,0,1408
4119,0,1408
2639,0,1408
671,0,1409
1823,0,1409
4602,0,1409
2636,0,1411
377,0,1412
3528,0,1412
3919,0,1412
2804,0,1413
2604,0,1413
4449,0,1414
1532,0,1414
1900,0,1415
2068,0,1415
283,0,1416
4839,2,1417
1821,3,1419
3194,0,1419
508,0,1420
1014,0,1420
2196,0,1420
771,0,1420
89,0,1421
955,0,1421
1099,0,1421
4572,0,1422
4364,0,1423
1931,0,1424
1996,2,1426
4145,3,1426
3618,7,1427
1715,7,1428
1908,0,1428
3540,7,1428
2097,1,1429
679,0,1429
1907,6,1430
1199,6,1430
4199,2,1430
2956,6,1432
1939,0,1432
4622,2,1435
3295,2,1435
3793,7,1437
3701,7,1437
4966,0,1438
1365,3,1438
3755,6,1440
1505,2,1441
636,1,1441
2612,0,1441
4383,5,1442
3681,0,1442
4303,3,1443
2138,3,1444
2432,0,1445
2119,0,1446
2397,0,1446
4495,2,1447
4027,6,1447
4950,0,1448
980,1,1448
268,2,1449
336,0,1449
4826,2,1450
4372,6,1450
320,0,1452
680,4,1454
756,0,1454
1561,0,1454
228,0,1454
1445,2,1455
3158,5,1455
2733,0,1455
247,3,1455
1091,2,1459
4133,5,1459
4415,2,1461
3904,0,1462
3480,0,1462
360,0,1463
4050,0,1464
4113,0,1465
3705,0,1465
3231,2,1466
3767,0,1466
4165,7,1468
1553,5,1468
823,0,1469
2012,0,1470
2572,7,1470
4102,6,1470
1811,7,1470
4318,0,1473
4274,2,1473
4006,7,1474
3599,0,1474
4442,3,1475
3491,3,1476
3347,5,1476
752,5,1476
4695,6,1479
3811,1,1479
2280,7,1479
3713,1,1481
1349,3,1481
4684,0,1481
3909,3,1481
4681,7,1481
1738,0,1485
4968,0,1485
1170,7,1486
4938,0,1486
3077,0,1486
4666,0,1487
2868,0,1488
126,0,1488
1117,2,1489
2116,2,1489
3920,3,1489
2918,2,1494
1716,0,1494
1429,6,1495
4919,0,1495
3995,0,1495
1570,7,1496
2871,1,1496
1781,0,1497
1509,0,1497
2370,6,1498
185,4,1498
3419,6,1498
818,0,1500
4490,6,1501
3286,0,1501
4187,2,1502
2767,3,1502
4177,0,1502
3157,0,1502
3515,6,1503
3041,0,1503
2891,4,1504
1860,0,1504
3671,0,1504
1363,7,1505
565,3,1505
733,0,1505
3513,1,1507
967,5,1507
3417,2,1508
2927,0,1509
4234,0,1509
2778,0,1510
214,0,1511
1233,2,1512
1179,0,1512
837,0,1514
2386,2,1514
282,0,1515
1489,0,1515
1780,3,1516
4554,2,1517
333,5,1517
1946,0,1521
42,0,1521
1044,0,1521
3108,0,1521
4230,6,1522
2373,0,1522
4148,0,1522
4185,0,1522
95,7,1525
199,5,1525
3283,0,1526
92,0,1526
1550,0,1527
2578,0,1527
3561,2,1528
3726,0,1528
1797,0,1529
1458,0,1529
3787,3,1530
4784,0,1530
534,3,1531
4545,0,1531
4853,1,1532
4124,6,1532
4791,7,1532
2805,0,1532
3397,1,1533
701,5,1533
4438,6,1533
1307,7,1537
2364,5,1537
4615,1,1537
1673,0,1537
1504,0,1537
2153,2,1538
1704,7,1538
96,2,1538
531,2,1539
2581,2,1539
1625,0,1540
2439,3,1541
4899,1,1541
888,0,1541
1800,0,1542
2815,0,1542
893,6,1543
2735,0,1543
3837,0,1543
769,2,1544
2151,5,1544
112,4,1545
2208,4,1545
2756,0,1546
1655,0,1546
3362,0,1547
2587,0,1548
4488,0,1550
1287,0,1550
2082,1,1551
4917,7,1551
2448,0,1552
4909,0,1553
4900,2,1554
3958,5,1555
4659,0,1555
465,0,1555
4509,1,1557
3484,0,1557
483,5,1558
2993,7,1558
1627,0,1559
3579,2,1559
2254,3,1561
3758,7,1562
1408,0,1562
3555,7,1563
487,1,1563
3622,6,1564
2099,0,1564
4140,2,1565
141,7,1565
3981,6,1566
473,2,1567
1329,0,1567
3980,0,1568
2886,3,1568
430,6,1568
3090,1,1570
4915,0,1570
1123,0,1570
3684,6,1571
1213,0,1572
3139,0,1572
577,0,1572
135,0,1572
1315,0,1572
329,0,1573
330,0,1573
4774,4,1573
3739,7,1574
2496,2,1574
3736,1,1574
811,7,1574
999,0,1576
306,0,1577
3247,5,1577
3184,2,1579
1393,7,1579
1446,7,1580
1395,2,1580
3643,5,1581
2368,5,1581
2110,0,1581
4232,0,1581
3021,6,1582
968,0,1582
4182,5,1584
3150,5,1587
3972,0,1587
167,0,1587
4854,1,1588
3456,7,1588
157,7,1588
1097,4,1588
2161,0,1589
2175,0,1590
3181,3,1590
571,3,1591
263,0,1591
260,2,1592
1511,0,1592
4184,0,1592
3135,0,1593
3688,1,1593
59,7,1593
3637,3,1596
2854,0,1596
2783,0,1596
4384,0,1597
4336,0,1597
4967,0,1597
2678,0,1597
2828,0,1597
3038,0,1597
921,0,1597
4012,6,1598
1290,3,1598
1636,6,1598
2010,0,1598
1528,0,1598
3553,2,1600
523,6,1600
1987,7,1601
1228,1,1601
1059,1,1602
988,7,1602
2042,2,1602
900,5,1603
2107,0,1604
4218,2,1604
1578,1,1605
2643,0,1606
1353,0,1606
918,0,1606
2411,7,1607
3260,5,1608
2746,0,1608
1185,0,1608
755,0,1609
2597,6,1609
2408,4,1609
2306,0,1609
3016,0,1609
4289,0,1609
3718,5,1610
3393,2,1610
4674,1,1610
989,4,1610
2784,0,1612
496,0,1612
1878,2,1613
3198,7,1614
1371,0,1614
2991,6,1615
4997,0,1615
930,5,1616
1151,0,1616
2505,0,1616
1501,5,1617
2568,5,1618
2123,7,1618
1421,3,1621
3964,0,1621
551,3,1622
1255,6,1623
3084,6,1624
3374,2,1625
736,7,1626
830,0,1626
3493,2,1627
1710,0,1627
277,1,1628
1128,0,1629
3235,0,1629
2378,3,1630
123,0,1630
1222,0,1630
2237,0,1631
3143,7,1632
227,2,1633
3271,0,1633
4667,0,1633
212,0,1633
3452,0,1634
226,0,1634
4757,0,1635
4138,0,1635
3596,7,1636
4038,5,1637
2343,1,1637
4049,2,1637
115,2,1638
484,0,1639
1041,6,1639
2667,4,1639
3373,4,1642
3405,7,1643
1611,0,1643
1232,0,1644
3786,2,1647
901,0,1647
1701,0,1647
2663,0,1647
809,7,1648
3620,0,1649
3263,0,1649
4168,3,1650
4825,3,1650
4794,0,1650
2018,3,1651
1235,0,1651
4390,7,1652
3634,0,1652
1515,7,1654
1388,0,1654
2826,0,1654
2672,0,1654
2032,2,1655
4898,0,1655
66,0,1655
2421,1,1657
791,0,1657
3984,0,1657
3721,0,1657
3265,0,1657
493,0,1657
1188,2,1658
3359,0,1659
2136,6,1660
1029,6,1660
3212,4,1660
1164,4,1662
3216,0,1662
4107,6,1663
2837,0,1663
4543,0,1663
0,3,1664
2345,0,1664
3741,0,1664
421,0,1664
4106,0,1664
584,2,1665
849,3,1665
1136,3,1665
872,7,1666
3744,2,1667
4157,0,1667
4740,0,1667
3660,0,1667
3882,1,1669
4804,1,1669
4351,2,1670
784,5,1671
4996,7,1671
4987,7,1671
150,5,1671
3064,6,1673
4498,1,1673
2970,6,1673
4664,7,1674
128,0,1674
2283,2,1674
1264,6,1675
1510,4,1675
3071,2,1677
3925,0,1678
4512,0,1678
689,0,1678
1494,0,1678
4682,3,1679
3901,6,1679
621,3,1681
524,0,1681
2115,6,1682
3335,0,1683
2376,2,1683
4211,7,1683
985,2,1683
4700,7,1683
156,1,1686
2576,0,1686
1854,1,1686
2648,1,1688
4233,6,1688
4401,0,1688
3142,1,1689
1036,0,1689
3437,0,1689
645,5,1690
1331,4,1690
2259,0,1692
3911,0,1694
2647,0,1694
292,0,1695
706,3,1696
740,2,1696
3715,0,1697
3672,0,1698
1305,0,1698
1676,0,1699
4416,0,1699
3296,0,1699
1805,7,1700
4161,0,1700
1322,0,1700
1923,0,1700
1224,0,1700
178,0,1702
4608,3,1702
3365,7,1702
899,1,1703
3562,1,1703
2913,2,1704
1638,7,1704
2855,7,1704
2834,6,1707
2898,2,1707
2619,0,1710
4034,6,1710
3944,0,1710
4882,0,1711
2696,0,1711
1165,0,1711
2191,2,1713
2199,0,1713
145,0,1713
3111,0,1713
1857,3,1714
698,6,1714
3963,6,1714
3278,4,1714
4422,5,1715
481,0,1715
2103,1,1716
2955,6,1716
825,0,1716
1700,0,1716
1033,0,1716
4861,1,1718
1631,7,1718
4952,1,1718
1137,0,1720
2222,0,1721
2599,7,1721
1274,0,1721
4583,0,1722
4665,3,1723
236,6,1723
2724,3,1723
202,0,1724
4357,0,1724
4191,4,1725
1129,0,1725
2165,6,1727
990,1,1728
2961,7,1729
1796,6,1729
3219,2,1731
1013,3,1731
183,1,1732
340,0,1732
1777,2,1733
1135,0,1733
1872,3,1734
3571,4,1734
1002,1,1736
384,5,1737
4635,7,1737
1681,5,1737
3999,0,1738
4282,0,1738
3063,2,1740
1130,6,1740
1538,7,1742
2359,0,1742
2673,0,1742
4198,2,1743
1887,0,1743
2530,0,1747
3244,1,1748
4630,6,1748
603,6,1748
3616,0,1749
2327,0,1750
3641,0,1750
1469,0,1750
46,7,1751
3052,0,1751
3692,7,1752
4921,0,1752
184,6,1752
3985,0,1753
1975,5,1754
3234,5,1754
2759,0,1755
4486,0,1755
2316,0,1755
2468,1,1758
3507,0,1759
1167,2,1760
3266,7,1760
1767,0,1761
4788,3,1762
353,0,1762
2758,0,1763
2096,6,1763
3492,2,1764
2682,6,1764
4831,1,1764
3861,3,1765
180,2,1765
1257,5,1766
506,0,1766
3864,0,1766
2806,1,1767
709,2,1767
708,7,1767
3107,6,1769
213,0,1769
1054,0,1769
486,0,1769
2230,2,1772
3498,4,1772
3009,3,1773
596,7,1773
2367,6,1776
1073,0,1776
1853,7,1777
3600,0,1777
1201,1,1778
7,0,1778
2720,0,1779
2659,0,1779
1241,0,1779
388,5,1780
3807,0,1781
660,0,1781
1405,0,1781
1420,0,1781
341,2,1782
672,6,1782
4253,7,1782
3281,4,1782
2449,1,1784
1433,4,1784
257,0,1784
2244,0,1785
2820,6,1785
2235,4,1785
2743,2,1786
4852,0,1787
1881,0,1787
2780,0,1787
3802,6,1788
3312,0,1788
2356,0,1788
3856,0,1788
764,0,1788
2289,2,1789
4044,1,1789
2319,0,1789
1746,2,1790
3291,0,1791
4709,3,1791
1978,0,1791
3322,0,1791
2924,5,1793
1848,0,1793
3252,5,1794
289,0,1794
857,0,1795
1993,6,1798
3352,2,1799
4054,0,1800
1814,0,1800
2851,0,1801
3458,1,1802
4989,2,1802
4200,0,1802
4433,0,1802
737,2,1803
1096,1,1803
1055,4,1803
2983,6,1805
615,0,1805
3487,0,1805
4542,0,1805
542,3,1806
2209,0,1806
208,7,1807
629,0,1807
1674,0,1808
4033,7,1808
1648,0,1811
56,0,1812
3923,2,1813
936,2,1813
3241,0,1814
3927,0,1814
1280,0,1816
2286,0,1816
3743,0,1816
4935,4,1817
1394,0,1817
2703,7,1818
2634,2,1818
245,0,1818
2221,2,1819
3695,5,1819
1296,1,1819
2282,0,1820
3578,0,1821
1462,0,1823
4065,0,1823
510,0,1825
2942,7,1825
4304,6,1825
898,6,1826
2668,7,1826
729,0,1827
3332,5,1828
4582,4,1828
1431,3,1829
4328,0,1829
1951,0,1829
2831,0,1829
3702,0,1830
3285,2,1831
844,0,1831
4315,0,1831
4514,0,1831
1326,2,1832
3028,3,1832
4469,2,1833
1442,3,1833
2817,0,1833
2124,0,1833
3924,1,1834
4271,2,1834
4203,5,1836
774,5,1836
4087,0,1836
4380,0,1837
3633,3,1837
116,0,1838
792,0,1839
4167,0,1842
3483,0,1843
4325,0,1844
1585,0,1846
205,0,1846
2293,0,1847
72,0,1847
4344,0,1848
1807,0,1849
995,0,1852
276,0,1852
1883,0,1852
3624,0,1853
1229,0,1853
4712,0,1853
139,2,1854
2005,0,1854
1293,0,1854
2623,0,1854
1409,3,1855
1599,7,1855
432,3,1855
87,0,1858
3973,6,1859
190,0,1862
2261,1,1862
1873,0,1862
1882,0,1865
2302,0,1866
4856,0,1866
4292,0,1867
2520,0,1867
4060,0,1868
3372,0,1868
865,0,1868
410,0,1868
4369,0,1869
458,0,1869
3805,0,1870
4599,0,1870
3240,0,1871
550,0,1871
1962,7,1872
2069,7,1872
1273,7,1872
1614,7,1876
4201,2,1877
4946,6,1879
4214,7,1879
4159,5,1879
3696,7,1879
2981,2,1884
1937,0,1885
4913,0,1885
3880,0,1885
2906,0,1886
3019,0,1886
1146,0,1886
718,0,1887
890,0,1887
1718,0,1888
1366,0,1888
3851,0,1888
1875,0,1888
2823,0,1891
1927,0,1891
3962,0,1891
218,0,1892
3100,0,1893
4598,0,1893
521,0,1894
4134,0,1894
1076,0,1894
2908,0,1894
2363,0,1896
4101,0,1896
2394,0,1897
2030,0,1898
2721,0,1899
4272,0,1900
290,3,1900
4876,7,1901
215,4,1901
395,0,1901
2670,0,1902
3469,7,1902
2596,0,1903
3524,0,1906
1808,0,1906
1826,0,1907
942,0,1907
1736,0,1907
3325,0,1909
4196,0,1910
1449,4,1910
4031,0,1910
3229,0,1910
3102,7,1911
690,5,1912
681,0,1912
2649,0,1912
806,0,1912
4180,6,1913
164,3,1914
3790,5,1914
1755,2,1914
3632,7,1915
578,0,1915
1966,7,1915
2749,0,1915
1500,7,1916
4817,0,1916
1581,0,1916
1159,0,1916
2479,0,1916
1791,0,1916
4874,0,1917
4930,0,1917
4706,0,1918
3657,0,1918
2025,0,1918
2315,1,1919
1266,1,1920
3383,0,1920
4618,0,1920
497,2,1921
4888,0,1921
3504,0,1921
2268,0,1925
4587,0,1925
4786,3,1926
4515,2,1926
2425,6,1926
3875,0,1927
4785,0,1927
1983,0,1927
52,0,1927
209,6,1928
902,6,1928
158,4,1928
3855,6,1931
1835,7,1931
816,5,1932
463,0,1932
1155,0,1933
570,0,1933
3217,0,1935
4994,0,1935
971,0,1935
3922,0,1935
2729,0,1935
2741,0,1936
3040,0,1936
57,0,1936
2351,0,1936
3756,0,1937
2504,0,1938
2273,0,1939
1640,0,1939
1282,0,1940
2063,0,1941
1019,0,1942
705,0,1942
3539,0,1943
2541,0,1944
4628,0,1944
1142,0,1945
4454,0,1946
1790,7,1946
2418,2,1946
1723,5,1946
4907,5,1948
1816,3,1949
6,0,1950
952,7,1950
4638,5,1950
3000,6,1950
4508,1,1951
1454,0,1951
4961,1,1952
2020,0,1952
3863,0,1952
2591,3,1954
1182,0,1955
2531,1,1957
1385,0,1957
243,0,1957
3584,0,1957
4103,2,1958
4969,2,1958
103,4,1958
2095,1,1962
614,1,1962
4601,2,1962
1664,0,1963
2475,0,1964
2976,0,1964
1841,0,1964
4045,2,1965
3667,0,1966
874,0,1966
1734,0,1966
807,0,1966
312,0,1967
4026,7,1968
610,4,1968
1529,0,1968
735,0,1968
2185,3,1969
4025,0,1969
829,3,1970
4528,0,1970
2131,0,1970
424,0,1970
4651,0,1970
4492,1,1973
4624,1,1973
858,0,1974
286,2,1975
778,0,1975
4485,0,1976
2602,3,1977
63,7,1977
1744,2,1977
3061,0,1977
3422,1,1978
3603,2,1978
3638,5,1979
3489,6,1979
559,0,1979
2395,3,1984
2521,3,1984
3998,0,1985
2489,0,1985
2350,0,1985
1240,0,1986
4971,2,1986
659,0,1988
4958,0,1988
4974,7,1988
2669,0,1990
4551,0,1990
804,0,1990
4123,7,1991
3697,0,1991
1904,0,1991
2088,0,1992
853,0,1992
1514,0,1992
616,0,1992
382,1,1993
3210,0,1993
3307,0,1994
4007,6,1994
580,0,1995
2384,3,1995
3182,0,1996
2846,5,1999
2266,0,2000
1148,2,2001
4493,0,2001
4568,0,2002
1656,0,2002
2545,0,2003
4039,0,2003
4943,0,2004
216,0,2007
323,7,2007
2490,2,2008
3745,0,2008
4648,7,2010
3783,4,2010
558,3,2011
885,0,2011
1707,3,2012
242,2,2012
2405,6,2012
1522,3,2013
4727,0,2013
154,5,2014
4460,0,2017
2339,0,2018
4014,0,2018
933,0,2018
2950,0,2019
516,0,2020
1230,0,2020
1616,0,2020
721,0,2021
2701,0,2021
3668,2,2021
1386,0,2022
2921,0,2024
3068,0,2025
3344,0,2026
1479,0,2026
4367,0,2027
2984,0,2027
1121,0,2027
2193,0,2028
2752,0,2028
1721,0,2028
1025,3,2030
3883,0,2030
770,0,2031
459,2,2031
2006,0,2031
622,0,2032
3809,0,2033
2679,0,2033
3314,0,2033
847,1,2034
181,0,2034
1050,2,2036
1913,0,2036
3808,2,2036
1330,2,2038
3221,3,2039
4111,0,2039
4118,0,2041
2644,0,2041
3601,7,2042
2929,4,2042
2182,5,2045
3757,6,2045
3525,0,2045
2295,2,2046
3563,0,2046
576,0,2046
4362,1,2047
3390,1,2047
4893,4,2047
1439,7,2048
4818,0,2048
1533,0,2048
707,1,2049
4327,7,2049
2473,1,2049
2226,1,2049
4715,3,2051
4830,0,2051
4374,0,2052
2532,0,2053
1936,5,2054
3544,0,2055
817,0,2056
3938,0,2056
2506,0,2057
130,0,2057
2595,3,2058
2802,2,2061
4192,2,2062
2059,1,2063
2816,0,2063
2369,0,2063
4897,0,2063
4162,1,2064
4892,0,2065
4534,0,2065
4451,0,2066
4857,1,2067
2745,1,2068
3521,0,2068
4092,0,2068
2680,6,2069
3326,0,2069
4894,0,2069
2497,5,2070
2004,2,2070
1011,0,2071
3732,0,2072
1644,0,2072
1918,0,2072
745,7,2073
4301,0,2073
4129,0,2073
656,2,2075
1178,7,2075
1705,4,2075
3189,3,2076
4412,0,2078
2912,0,2078
3505,0,2078
3764,5,2079
2461,6,2079
3408,6,2080
1517,7,2080
2483,2,2081
2552,0,2082
58,5,2083
4521,3,2084
563,6,2084
2420,0,2085
4392,2,2086
822,0,2086
537,0,2086
4222,0,2087
148,2,2087
1569,0,2087
1571,0,2087
3029,5,2088
3623,0,2090
4654,0,2091
3201,0,2091
3886,0,2092
2346,0,2092
2723,0,2093
761,0,2093
3446,0,2093
3550,0,2093
2335,0,2093
1940,0,2093
393,0,2094
1356,0,2096
3193,2,2096
3186,5,2096
4059,7,2096
434,0,2098
3191,2,2099
836,2,2099
653,0,2099
4584,0,2099
2755,0,2100
3532,0,2101
687,0,2101
3975,0,2101
1626,0,2101
970,0,2101
3977,1,2102
1941,0,2102
1335,2,2105
2632,0,2105
743,0,2106
443,0,2106
4000,5,2108
4569,0,2108
2340,6,2110
4058,0,2110
1440,0,2110
299,0,2110
3222,1,2111
305,1,2111
2857,5,2112
2149,6,2113
371,0,2114
137,7,2115
4734,3,2116
1242,0,2116
2043,7,2117
4307,2,2118
4626,7,2119
3153,4,2119
972,7,2119
3354,0,2121
2318,0,2121
1320,7,2124
4010,0,2124
3776,2,2125
3651,0,2126
2938,0,2128
1679,2,2129
3440,0,2129
618,2,2129
2442,0,2129
675,5,2130
4483,0,2130
3635,6,2131
4823,0,2131
3669,0,2131
624,2,2133
3530,6,2133
9,0,2135
1053,0,2135
415,3,2136
1652,3,2136
3608,0,2138
1929,0,2138
129,6,2138
2187,7,2139
959,0,2141
1632,1,2141
4841,1,2142
4658,2,2142
4942,0,2142
4216,0,2142
3717,1,2144
1183,7,2144
2700,0,2144
2246,6,2144
1375,3,2148
1635,0,2148
3722,0,2150
2548,2,2150
2557,0,2150
1658,0,2150
4845,0,2151
4190,0,2151
4939,0,2151
3406,0,2152
3220,5,2152
4139,0,2152
2471,0,2153
3001,0,2153
4944,0,2153
1649,0,2154
4844,0,2154
4487,0,2155
4210,0,2155
3394,0,2156
3706,0,2156
1724,0,2156
1961,0,2156
2081,0,2156
992,0,2157
2517,0,2157
1914,0,2158
248,0,2160
2764,6,2160
567,7,2163
1959,0,2164
1080,0,2165
2387,0,2166
75,0,2166
206,0,2167
4109,0,2167
3035,0,2167
2173,0,2167
55,0,2168
2967,0,2169
2528,0,2170
3272,0,2170
2897,0,2170
234,0,2170
3803,0,2171
3943,0,2173
2393,0,2173
1612,7,2173
1831,3,2176
3884,0,2176
3655,0,2177
3661,0,2178
2974,0,2179
3680,0,2179
1211,0,2179
4970,0,2180
2761,0,2180
722,0,2182
1910,0,2182
3656,0,2184
4718,0,2184
1028,0,2185
3499,0,2185
3454,0,2185
909,0,2185
4776,0,2186
1630,0,2186
1486,0,2188
588,0,2189
4533,0,2191
460,0,2193
4029,3,2193
1785,2,2195
2788,0,2195
891,5,2196
2076,5,2196
280,7,2196
4945,3,2196
3380,4,2197
4299,0,2197
1297,0,2198
4293,4,2199
3971,0,2200
4620,0,2200
1847,0,2203
3277,0,2203
4781,6,2204
2079,0,2204
4381,3,2206
1824,6,2206
4251,1,2206
1477,0,2207
1730,0,2207
1912,0,2207
2242,0,2208
2160,0,2208
3966,0,2208
2052,0,2209
2775,5,2209
1754,2,2209
4366,4,2212
4323,1,2213
2975,0,2213
3777,0,2213
19,0,2213
2015,2,2214
1699,3,2214
642,0,2215
2859,0,2216
4385,1,2217
2292,0,2217
2677,0,2217
1733,0,2218
4425,6,2218
2309,7,2220
4686,0,2220
2203,7,2222
4687,7,2222
2770,0,2224
2998,0,2224
4560,0,2224
4834,0,2224
4223,5,2225
4593,0,2225
2538,3,2226
3121,0,2226
4235,0,2226
3989,0,2226
3946,0,2226
2036,7,2227
3424,7,2227
648,0,2227
4886,2,2228
2183,2,2228
3774,0,2229
62,0,2229
4723,0,2229
3228,0,2229
2011,0,2230
2994,0,2230
1000,0,2231
1834,0,2232
3129,0,2232
174,0,2232
2236,0,2232
3086,0,2232
1302,0,2233
997,0,2235
4581,0,2236
326,6,2236
2534,7,2236
4698,2,2238
4395,2,2238
3371,6,2239
3646,0,2240
3806,0,2240
1114,0,2240
2163,2,2241
3387,7,2241
3908,7,2242
4453,0,2242
4883,3,2242
2122,5,2244
4040,0,2244
3196,0,2244
2403,0,2244
102,7,2246
1995,6,2247
3570,6,2247
1112,0,2247
3367,0,2249
1140,0,2249
3676,7,2251
895,0,2251
4561,0,2252
2779,3,2253
4446,0,2253
2062,0,2253
4559,0,2253
220,0,2253
4988,0,2253
161,7,2254
4239,0,2254
2438,0,2256
4352,4,2256
4991,6,2256
2060,1,2259
223,7,2259
4246,3,2261
3409,6,2261
887,2,2262
4692,7,2262
3993,5,2263
2799,0,2263
3769,0,2263
1924,0,2264
2674,0,2264
2559,0,2264
74,2,2266
1803,1,2266
3509,0,2266
1358,6,2266
4302,6,2268
1558,0,2269
3407,2,2270
1787,0,2270
3376,0,2270
3867,0,2270
391,5,2271
2738,2,2271
3152,0,2273
3098,5,2274
4642,0,2274
1897,7,2275
4424,0,2275
1760,0,2275
4350,7,2276
1691,0,2276
363,0,2277
2058,3,2277
1600,5,2280
2220,0,2281
4052,0,2281
4965,0,2281
374,4,2283
513,6,2283
3876,2,2283
3366,6,2285
4707,2,2285
676,7,2286
3759,5,2286
1548,6,2288
4680,5,2288
4611,0,2288
1770,3,2289
3506,0,2289
1742,0,2289
1919,0,2290
1798,0,2290
2609,0,2290
3451,3,2292
1498,3,2292
1659,6,2294
604,0,2294
4476,0,2294
4501,0,2294
3827,7,2295
2085,0,2295
4314,0,2295
1332,1,2296
1070,1,2296
3770,0,2296
4465,3,2297
2890,0,2297
4429,0,2297
3847,0,2297
107,7,2298
682,1,2298
352,3,2299
2662,3,2299
1684,2,2300
3890,5,2300
3364,0,2300
4435,2,2300
2821,0,2302
1467,0,2302
1275,0,2302
4516,2,2305
1384,0,2305
3936,0,2305
1157,0,2306
3899,1,2306
3079,0,2308
1212,0,2308
1485,0,2309
3590,0,2309
2777,0,2310
4417,2,2311
2441,2,2311
3330,0,2311
4932,3,2312
307,0,2312
1764,0,2312
346,0,2313
1141,0,2313
3663,7,2314
4062,0,2314
3836,2,2314
1739,6,2315
2140,5,2315
813,0,2315
3225,0,2315
1968,2,2318
416,1,2318
4104,6,2319
4499,6,2319
177,2,2321
485,4,2322
2874,0,2322
2065,0,2323
3248,6,2324
1026,0,2324
2502,0,2324
4783,0,2324
1964,0,2324
3106,6,2325
2546,0,2325
2928,0,2325
835,0,2326
1706,3,2326
1301,0,2326
4283,0,2326
2903,5,2327
4704,0,2327
4141,7,2330
4546,6,2330
3647,0,2330
2238,0,2330
3753,6,2331
2101,4,2331
474,3,2332
2308,0,2332
2583,2,2333
173,7,2333
2744,1,2334
4691,0,2334
1588,5,2335
2594,0,2335
442,0,2335
557,0,2335
364,1,2336
673,7,2336
4018,0,2336
1249,0,2337
2186,0,2337
4482,6,2338
1006,0,2339
4866,3,2339
2355,0,2341
3952,0,2342
4330,2,2342
4248,7,2344
3580,0,2345
3056,0,2345
2899,0,2345
773,0,2345
1312,1,2346
1606,2,2346
938,0,2346
2847,0,2346
3435,1,2347
4951,0,2348
602,0,2348
2212,0,2349
479,5,2349
4461,0,2349
4414,2,2350
1081,0,2350
4558,6,2350
1543,7,2355
4387,7,2355
4471,5,2356
41,6,2359
142,0,2360
1518,0,2360
2881,0,2362
3955,0,2362
3049,4,2363
3208,0,2363
2524,0,2363
4920,0,2364
1527,3,2364
2978,0,2364
3163,0,2365
4154,0,2365
2462,0,2365
4923,6,2366
1839,1,2367
4769,0,2367
4908,0,2367
953,7,2368
4690,4,2368
3488,0,2368
4549,2,2371
2582,6,2371
961,0,2371
3941,6,2371
3591,7,2374
3060,2,2375
4779,0,2375
4440,0,2375
3785,0,2375
4793,1,2376
831,6,2376
4756,0,2377
1162,4,2377
2269,3,2378
3594,0,2378
787,1,2379
2650,3,2379
3294,2,2380
271,0,2380
2586,2,2383
3197,4,2384
3796,0,2384
2964,0,2384
2516,0,2384
2436,0,2386
2512,5,2386
3449,0,2386
861,0,2387
101,7,2389
1,7,2389
3261,7,2389
3207,6,2392
475,0,2393
3233,0,2393
412,0,2393
4775,6,2394
3934,5,2394
376,6,2395
504,6,2395
369,2,2397
1471,5,2398
2255,3,2398
777,5,2398
3738,6,2400
1921,0,2400
428,0,2400
1621,0,2401
674,1,2401
4085,0,2401
1633,0,2401
2909,0,2404
2769,0,2404
3075,1,2405
839,1,2405
20,1,2406
3074,1,2407
541,0,2407
4809,0,2407
1952,0,2407
3120,7,2408
3940,7,2408
1994,0,2411
33,7,2411
886,2,2413
4739,4,2413
1731,7,2418
2174,0,2418
4802,0,2418
2869,7,2420
3310,1,2420
240,0,2420
1244,2,2421
2685,0,2421
2510,6,2421
1336,0,2424
2290,1,2424
1886,0,2424
1935,6,2426
762,0,2426
1778,0,2427
2865,0,2427
2028,0,2427
3066,7,2431
3253,3,2431
4019,0,2431
2009,0,2431
4341,5,2432
4872,5,2432
2980,6,2432
4639,6,2433
4202,6,2433
2562,0,2433
1556,0,2433
4231,0,2433
3057,2,2435
2877,2,2435
626,1,2436
1507,0,2436
3652,0,2436
2040,0,2438
3548,0,2438
2213,0,2438
1874,6,2439
4342,0,2439
2513,0,2439
526,0,2439
4911,0,2439
4229,0,2439
2089,1,2440
1321,0,2440
3172,0,2440
2037,0,2441
1757,0,2441
4121,0,2441
598,2,2442
3369,0,2442
21,0,2442
2485,2,2443
3015,5,2443
50,0,2443
862,0,2443
1749,0,2445
2167,6,2445
4356,0,2445
4458,6,2445
2410,1,2448
2457,0,2448
3932,6,2449
2329,6,2449
3436,7,2450
1380,6,2450
1534,1,2451
958,2,2451
4612,3,2453
3965,0,2453
1531,2,2454
2214,1,2456
143,0,2458
840,0,2458
789,0,2458
127,0,2458
744,0,2458
991,1,2460
4405,5,2460
379,7,2460
1043,0,2460
2709,0,2460
910,7,2461
4660,0,2461
4343,0,2464
2754,7,2464
4,6,2465
1023,6,2465
3091,6,2465
2631,0,2468
2714,1,2468
1444,6,2468
39,7,2468
4764,1,2469
1984,2,2469
912,0,2470
529,1,2471
2443,0,2472
1903,1,2472
4947,0,2472
2459,0,2472
908,0,2473
1637,5,2473
4043,2,2474
2781,0,2475
630,0,2475
3162,0,2475
917,7,2476
1174,6,2476
589,0,2476
2014,7,2476
189,5,2479
649,2,2479
1295,3,2480
3828,2,2481
4733,0,2481
3585,1,2482
3287,0,2482
279,3,2483
739,0,2483
4726,5,2485
2585,0,2485
3662,0,2486
3415,7,2486
4361,1,2486
1866,0,2487
4226,5,2487
4481,0,2487
4858,6,2488
754,0,2488
2234,3,2489
2839,6,2489
93,0,2489
775,6,2490
4962,0,2490
4768,0,2490
3338,5,2491
2250,7,2492
2231,0,2492
2360,0,2493
1601,7,2493
2247,2,2493
976,0,2493
2260,0,2494
2481,0,2496
2601,0,2496
1270,0,2496
3751,0,2496
3792,1,2497
2515,2,2497
4001,6,2498
633,0,2498
1424,2,2501
266,6,2501
407,5,2503
3527,2,2504
436,0,2504
2031,0,2504
685,3,2505
866,3,2505
4752,1,2506
2412,0,2506
12,1,2507
2598,3,2507
1530,3,2509
383,0,2509
2039,0,2509
3134,6,2510
3800,0,2511
509,0,2511
1513,0,2512
1763,6,2513
2023,0,2513
491,0,2514
3549,7,2514
4240,1,2515
2055,2,2516
3838,6,2516
2684,0,2518
3949,5,2519
1813,0,2520
4820,0,2520
3087,0,2521
4322,0,2521
1837,0,2521
2148,0,2521
3968,7,2522
1650,0,2522
595,6,2524
1642,2,2524
1499,0,2525
2573,0,2525
1850,5,2525
3159,0,2527
3339,0,2527
2245,7,2528
4421,2,2529
1334,7,2529
4595,0,2530
4260,3,2530
4056,7,2531
4787,0,2531
700,1,2532
4144,3,2532
355,0,2532
1794,6,2534
3,0,2534
1115,6,2535
2338,0,2535
3385,0,2535
2789,2,2536
1339,2,2536
4242,6,2536
3378,5,2539
4188,6,2540
2137,0,2540
451,0,2540
3589,6,2541
1604,2,2541
950,3,2542
1972,0,2542
251,0,2543
65,2,2543
3471,0,2544
3036,5,2544
2480,0,2544
4418,4,2544
2342,0,2546
591,0,2546
4267,1,2547
1576,6,2547
166,2,2548
348,0,2548
3761,3,2551
2509,1,2551
1583,5,2552
2514,0,2552
1524,0,2553
2845,3,2553
2549,2,2557
4819,7,2557
2569,0,2557
3511,6,2558
1067,0,2558
3574,0,2558
468,7,2559
4529,0,2559
1989,0,2560
4656,0,2560
4992,0,2560
1049,5,2562
1207,0,2562
464,5,2562
1547,0,2562
4400,0,2563
469,0,2563
1622,7,2564
1877,0,2564
2561,0,2565
2264,0,2565
1456,0,2567
2939,6,2568
4539,0,2568
2380,0,2568
1482,0,2568
4983,2,2569
1597,2,2569
4472,0,2569
763,3,2570
3410,3,2570
4386,1,2571
399,1,2571
1845,2,2572
4766,7,2573
2252,0,2573
4806,0,2573
1725,0,2573
876,0,2573
4564,0,2573
3112,2,2574
354,6,2574
238,2,2575
1398,7,2576
501,0,2576
321,0,2577
1690,5,2577
4570,0,2579
1809,1,2579
3892,0,2579
3445,1,2580
4363,1,2580
1190,3,2581
1605,2,2581
502,1,2581
3316,2,2585
427,5,2585
1870,6,2585
4941,6,2586
3788,2,2587
4089,0,2587
224,0,2588
3870,0,2588
387,2,2589
162,0,2590
160,0,2590
3606,6,2591
1092,0,2591
4835,0,2591
433,0,2591
3178,0,2592
1838,7,2593
767,1,2593
2620,7,2594
2430,7,2594
3947,0,2595
4403,0,2596
1106,0,2596
3046,0,2596
2873,5,2597
969,0,2597
2527,0,2597
300,7,2598
505,0,2599
2977,0,2599
1686,0,2600
4885,0,2600
1861,5,2601
4496,5,2602
781,0,2602
269,0,2602
3775,7,2603
3843,7,2603
3630,2,2604
2224,2,2604
965,0,2604
2240,2,2605
3384,7,2606
2656,1,2606
3239,6,2607
3355,0,2607
1934,7,2608
949,0,2608
3170,0,2608
3443,1,2609
204,3,2609
670,1,2609
2265,2,2610
1422,5,2610
4432,2,2610
883,0,2610
2241,0,2610
1885,2,2611
1864,2,2611
2732,2,2612
1205,0,2612
3818,5,2613
4629,0,2613
1098,0,2613
4368,0,2615
2013,0,2615
3315,0,2615
2946,0,2616
396,7,2617
4278,0,2617
1970,1,2620
265,7,2620
4055,3,2620
4373,0,2624
627,0,2624
4115,6,2624
1574,6,2624
1623,6,2624
4462,2,2626
1867,3,2626
982,0,2629
4956,3,2630
2570,0,2630
4731,0,2630
1745,1,2631
4847,0,2632
2626,0,2632
2584,0,2632
1559,2,2633
31,3,2633
4902,0,2635
647,0,2636
3297,6,2636
3173,0,2637
2926,0,2638
94,0,2638
4505,0,2638
4647,0,2638
4099,0,2638
3097,2,2641
4491,7,2641
2008,3,2641
547,5,2643
3318,0,2643
488,0,2643
4770,2,2644
2757,0,2644
4613,7,2645
1756,0,2645
635,0,2646
3486,0,2647
3215,0,2647
3604,1,2648
4772,0,2648
2156,1,2649
3725,7,2649
3612,6,2650
2450,6,2650
4617,1,2651
3439,2,2651
939,0,2651
2155,7,2652
3533,0,2652
2947,6,2653
3168,7,2653
2291,2,2655
2734,0,2655
765,0,2655
759,6,2656
4479,0,2656
2896,0,2656
2171,5,2658
1134,2,2659
2253,0,2660
2525,7,2660
4120,5,2662
3746,6,2662
1124,6,2662
3227,0,2664
3510,2,2664
165,0,2666
747,0,2666
4088,0,2667
270,7,2668
2835,0,2668
4076,3,2669
2635,3,2672
3686,1,2673
2051,0,2673
4320,0,2673
957,0,2674
3991,0,2674
1895,2,2676
695,0,2676
2801,5,2677
2883,5,2677
2114,0,2679
88,0,2679
4755,0,2680
826,0,2680
275,0,2681
1737,0,2681
1168,3,2681
1403,0,2683
3595,0,2684
1303,0,2685
1414,0,2685
3797,0,2685
2243,1,2686
4573,7,2686
963,2,2686
1840,0,2686
3794,2,2687
929,5,2688
1775,7,2688
1402,6,2688
3719,3,2690
140,0,2691
2786,0,2691
897,0,2691
979,7,2693
3022,0,2693
1163,6,2694
4091,7,2694
894,7,2695
1762,0,2695
4353,0,2695
3474,6,2696
2102,2,2696
4643,2,2696
601,0,2698
2717,0,2700
2415,2,2700
304,0,2701
4999,0,2701
2298,0,2701
2533,3,2702
3974,2,2702
1132,1,2703
332,0,2704
3534,2,2704
2194,5,2705
325,0,2706
539,0,2706
4640,0,2706
2071,0,2706
1204,0,2706
3420,0,2706
2960,5,2707
1057,0,2707
2997,0,2707
1573,0,2707
4634,1,2708
2491,0,2708
2691,6,2709
3331,0,2710
1079,3,2710
3629,2,2711
2519,2,2712
4003,5,2712
1428,2,2714
1836,7,2715
3727,1,2715
1680,0,2715
2344,2,2716
730,0,2716
3020,5,2717
639,7,2717
4296,0,2717
4137,0,2718
2087,0,2718
3461,7,2719
3031,6,2719
4507,2,2719
812,0,2720
4904,0,2720
4207,0,2721
662,0,2722
4895,4,2722
2382,0,2724
725,0,2724
4683,2,2726
2333,3,2727
1688,5,2727
1031,0,2728
2962,7,2728
3223,0,2728
555,7,2730
1089,6,2730
535,6,2730
694,0,2730
3105,0,2730
1822,0,2730
3914,1,2732
1971,0,2732
2892,0,2735
3453,0,2736
4147,0,2737
1412,0,2737
241,0,2737
3013,0,2737
3929,0,2738
4540,0,2738
2990,0,2739
882,0,2739
4800,2,2740
3413,7,2740
2399,4,2740
1587,2,2741
1799,5,2742
1740,0,2742
881,6,2743
3093,7,2743
1928,6,2743
3674,0,2745
4746,0,2745
628,0,2745
1319,2,2746
1180,0,2746
1771,0,2746
2278,0,2747
833,0,2747
2544,0,2747
1392,0,2750
4563,0,2750
3820,0,2751
919,0,2752
4257,0,2753
4221,0,2754
1453,0,2754
4478,0,2754
4914,0,2754
3328,0,2754
911,0,2755
1425,0,2755
3640,0,2756
4696,0,2757
4837,0,2757
1015,0,2757
4585,0,2758
64,0,2758
179,0,2758
723,0,2758
2706,0,2759
3699,0,2760
3418,0,2760
724,0,2761
2925,0,2761
53,0,2762
4984,5,2762
2654,0,2762
2388,0,2763
4669,0,2764
3054,0,2764
1481,0,2766
1113,0,2766
3872,0,2766
411,0,2767
480,4,2767
187,7,2767
54,1,2769
4645,2,2769
4170,2,2769
82,4,2771
122,0,2772
1851,0,2772
579,3,2772
1436,0,2772
753,3,2772
418,5,2775
2753,6,2776
2414,6,2776
4263,5,2777
1109,7,2778
3356,7,2778
4995,7,2778
925,0,2778
1223,1,2779
597,1,2779
80,7,2779
2098,0,2779
4311,0,2779
2050,5,2780
2413,0,2780
222,2,2782
3625,0,2782
2651,0,2782
1139,0,2782
3204,0,2783
3466,5,2785
4241,0,2785
3479,0,2785
996,6,2786
2460,7,2786
3742,2,2788
512,0,2788
398,2,2789
1166,6,2789
1603,0,2789
3166,0,2793
91,2,2794
4833,5,2794
3317,5,2794
25,2,2794
1592,4,2794
2383,0,2798
1236,3,2799
3459,0,2799
3951,2,2799
3441,3,2799
4594,0,2799
581,0,2801
3691,0,2801
4333,0,2801
617,0,2803
1351,0,2805
27,0,2805
29,0,2805
1890,0,2806
3675,0,2806
1291,0,2806
2348,0,2806
4136,0,2807
945,0,2807
4867,0,2808
1999,0,2808
3734,0,2809
1196,0,2809
3687,0,2809
3059,0,2809
3072,0,2810
4762,7,2810
3516,6,2810
1493,5,2810
2139,0,2811
540,0,2812
345,3,2812
4816,0,2813
2564,0,2813
1958,0,2814
3027,0,2815
1252,0,2817
984,0,2817
211,0,2818
3690,0,2818
4741,0,2818
1722,0,2819
2551,0,2819
370,0,2819
4972,0,2819
2880,0,2820
1333,0,2821
3218,0,2821
4652,0,2821
4125,0,2821
3140,0,2821
4023,0,2821
2618,0,2823
2542,0,2825
4860,0,2825
4530,0,2825
3269,0,2825
612,0,2825
1369,0,2826
4100,0,2828
2325,0,2828
734,7,2828
3047,0,2831
3735,0,2833
2987,0,2835
3399,0,2836
4937,4,2836
1535,0,2838
1743,0,2838
1265,6,2839
776,5,2840
4697,0,2840
3126,0,2840
4032,0,2841
1917,0,2841
4308,0,2841
677,0,2841
4940,1,2842
2657,4,2842
977,0,2842
4614,0,2843
1005,0,2843
4777,7,2845
4855,3,2845
1095,2,2845
2463,6,2845
4169,7,2845
3151,0,2848
318,0,2849
2900,0,2849
466,1,2850
2989,5,2850
3175,0,2850
284,2,2851
1406,4,2851
1465,2,2853
3050,2,2853
1430,0,2853
1859,0,2853
4290,7,2854
239,7,2855
1562,3,2855
3535,7,2855
2771,7,2855
1618,1,2858
4576,7,2859
3496,1,2859
528,0,2859
4348,0,2859
3857,0,2861
68,6,2862
692,6,2862
1415,0,2862
4208,7,2863
4370,0,2864
4838,5,2864
4597,6,2864
4206,0,2864
175,0,2864
1720,0,2865
1893,2,2865
109,4,2865
252,3,2866
4758,0,2867
349,0,2867
4871,0,2868
854,7,2868
2884,6,2868
2423,0,2870
3062,7,2871
738,0,2872
2046,0,2872
1619,0,2872
4720,0,2873
3615,0,2874
121,0,2875
1920,0,2876
2396,0,2877
3002,0,2878
2765,0,2878
394,0,2879
2645,0,2879
2053,0,2879
1938,0,2879
1423,0,2880
1034,5,2880
1508,4,2880
2379,0,2881
328,0,2882
3773,0,2882
3224,0,2883
634,0,2883
2852,0,2884
272,0,2885
3199,0,2885
3138,0,2885
119,0,2885
1997,0,2886
2630,0,2886
3113,0,2886
3348,0,2887
1172,0,2887
267,0,2887
2710,7,2890
2385,0,2890
4359,0,2890
155,2,2892
4623,0,2892
4552,0,2892
4621,0,2892
3707,0,2893
1536,0,2893
18,0,2894
2664,0,2895
1683,0,2895
4565,0,2896
832,0,2896
884,0,2897
3896,0,2898
2747,0,2901
2704,0,2902
2372,0,2902
249,0,2903
2812,0,2903
1071,0,2904
1209,0,2904
684,0,2905
4448,6,2905
4963,2,2907
191,3,2907
1448,0,2907
3076,6,2908
948,5,2908
2192,6,2908
1694,0,2908
4430,3,2909
2608,4,2909
392,3,2909
11,0,2909
2523,7,2910
3037,0,2910
3960,6,2911
4063,2,2912
962,0,2912
298,0,2912
2366,0,2913
3336,0,2914
4827,2,2914
2287,4,2914
1662,0,2917
3887,0,2917
4009,5,2918
1138,0,2918
1149,0,2919
3517,3,2920
4305,4,2920
3832,0,2920
1942,2,2921
1557,0,2921
1177,0,2921
2375,0,2921
1728,7,2922
896,1,2922
3078,0,2922
136,3,2923
403,0,2923
4846,6,2924
2658,0,2924
4339,6,2924
941,0,2925
3382,0,2925
2751,0,2925
768,7,2926
4217,3,2926
3592,0,2928
3426,0,2929
1343,0,2930
4155,0,2933
1584,0,2933
1980,0,2933
2776,0,2933
2916,0,2934
255,6,2934
4452,1,2935
843,7,2935
3907,1,2935
2610,6,2937
4513,0,2938
4761,0,2938
4310,0,2938
2708,5,2939
1074,0,2939
4219,3,2940
1016,0,2940
221,2,2941
638,0,2941
4562,0,2941
476,7,2942
3264,7,2943
3309,0,2943
2228,0,2943
3329,3,2945
1945,0,2945
3891,5,2946
3132,4,2946
2434,1,2948
3508,1,2948
2227,2,2949
3421,0,2949
3519,5,2950
4174,2,2951
1328,2,2951
915,2,2952
4041,6,2953
2949,2,2954
983,7,2954
2198,0,2954
1986,5,2955
2377,0,2957
4671,0,2957
3494,0,2957
1991,7,2958
1118,0,2958
1042,0,2958
3859,0,2959
3822,0,2959
4480,1,2960
4782,0,2960
2207,1,2962
1639,1,2962
1654,6,2963
3939,3,2963
1234,2,2967
4609,2,2968
425,0,2968
2688,0,2968
1677,0,2968
1288,7,2969
1643,1,2969
1761,0,2969
1546,3,2970
4073,0,2970
827,0,2970
585,4,2971
4441,5,2972
3833,0,2973
4722,0,2973
1119,0,2973
3611,1,2974
4616,0,2976
4021,0,2976
308,0,2976
4729,0,2976
2603,0,2977
2952,0,2977
2791,0,2977
2488,0,2978
4090,7,2978
3917,6,2978
3414,0,2980
1682,2,2980
4035,0,2982
2126,0,2982
814,0,2982
1324,0,2982
2959,0,2983
3648,3,2984
530,0,2985
2041,0,2985
1549,0,2985
1795,2,2986
3893,0,2986
4625,0,2988
2742,0,2988
5,1,2989
1283,7,2989
1667,1,2990
13,2,2991
3430,0,2991
261,2,2993
4657,6,2993
3438,4,2993
1564,5,2993
4212,1,2994
4748,5,2994
4291,2,2997
2057,2,2997
2073,3,2998
1221,0,2998
1396,0,2998
2127,6,2999
993,6,2999
2808,2,3008
864,2,3034
2560,7,3042
4519,6,3042
2210,3,3047
2090,7,3047
4195,0,3049
3468,2,3049
4426,0,3053
1045,7,3066
2328,1,3088
741,3,3089
1590,6,3090
1037,7,3091
400,2,3092
2331,5,3092
4550,0,3106
2249,0,3109
86,1,3120
2665,3,3123
3976,2,3124
117,6,3125
70,7,3126
3587,2,3127
4150,0,3128
2943,0,3129
4503,6,3129
225,1,3130
4053,7,3131
4751,3,3132
4578,5,3133
2944,0,3134
1596,2,3135
3258,3,3149
790,2,3159
2276,6,3160
1466,7,3161
409,6,3193
4173,0,3194
3148,0,3194
356,7,3195
3873,1,3207
4376,0,3208
1788,5,3209
1670,3,3210
4294,2,3211
2843,2,3211
3251,2,3212
1491,6,3213
3526,7,3214
956,7,3214
1451,6,3215
3423,0,3216
2795,0,3216
79,7,3217
2655,0,3218
4434,5,3219
2216,3,3220
587,2,3221
1397,2,3222
4268,7,3223
525,6,3224
2539,6,3225
2357,0,3226
731,1,3231
1930,3,3232
4522,2,3233
4589,0,3235
1052,5,3466
3520,2,3467
590,0,3468
2007,7,3469
1304,3,3470
457,7,3471
4703,0,3472
1567,6,3473
2762,7,3473
4927,6,3474
3902,2,3474
1069,2,3476
2687,1,3477
2444,0,3478
3987,5,3479
4406,2,3480
4377,0,3481
343,7,3481
4397,0,3482
3678,3,3483
4730,3,3484
1030,6,3485
4335,2,3486
1012,6,3487
146,7,3582
2347,1,3583
4767,2,3584
1815,2,3585
3552,0,3586
3573,0,3587
2553,5,3588
4796,0,3589
4285,3,3590
1309,7,3591
2392,2,3592
3737,3,3593
4813,6,3594
4095,7,3595
1894,6,3596
800,1,3597
381,2,3598
1519,2,3599
2022,0,3600
4536,0,3601
3242,5,3602
1844,0,3603
4193,3,3604
1459,7,3605
1856,2,3606
1399,3,3607
4321,6,3608
490,7,3609
4046,1,3610
2389,6,3611
3282,2,3612
593,2,3613
4960,0,3614
860,5,3615
1133,0,3616
611,0,3617
3267,3,3618
878,2,3619
1225,7,3620
45,3,3621
3110,6,3622
796,7,3623
4901,1,3624
1512,2,3625
1308,6,3626
4436,0,3627
2565,2,3628
2972,5,3629
3095,0,3630
3986,3,3631
2853,7,3632
3782,0,3633
1116,2,3634
2189,1,3635
60,6,3636
200,3,3637
2284,7,3638
717,2,3639
1698,0,3640
4504,2,3641
1981,6,3642
1313,5,3643
4580,0,3644
1018,3,3645
2772,7,3646
3954,0,3647
2707,2,3648
2476,1,3649